   1  9.492199E-03  185.120  5.000000E-03  174.014
   2  2.565465E-02  202.347  1.610000E-02  194.275
   3  5.543968E-02  218.516  3.840000E-02  210.810
   4  0.104074  232.858  7.690000E-02  225.967
   5  0.177121  245.833  0.137000  239.566
   6  0.280565  255.745  0.224400  250.932
   7  0.420779  262.131  0.345400  259.020
   8  0.604268  266.506  0.506400  264.370
   9  0.837870  269.631  0.714000  268.101
   10  1.12861  269.323  0.975300  269.474
   11  1.48367  265.797  1.29720  267.528
   12  1.91046  261.704  1.68720  263.716
   13  2.41639  257.813  2.15260  259.727
   14  3.00905  254.193  2.70090  255.976
   15  3.69616  250.809  3.33980  252.477
   16  4.48549  247.666  4.07700  249.216
   17  5.38483  244.784  4.92040  246.207
   18  6.40200  242.083  5.87760  243.417
   19  7.54497  239.554  6.95670  240.804
   20  8.82158  237.164  8.16550  238.346
   21  10.2397  234.921  9.51190  236.030
   22  11.8074  232.783  11.0038  233.841
   23  13.5325  230.797  12.6492  231.780
   24  15.4228  228.915  14.4559  229.847
   25  17.4862  227.103  16.4318  228.001
   26  19.7305  225.318  18.5847  226.203
   27  22.1634  223.591  20.9224  224.447
   28  24.7927  221.927  23.4526  222.752
   29  27.6259  220.365  26.1829  221.140
   30  30.6707  218.878  29.1210  219.615
   31  33.9345  217.433  32.2744  218.150
   32  37.4246  215.962  35.6505  216.692
   33  41.1484  214.364  39.2566  215.157
   34  45.1133  212.202  43.1001  213.275
   35  49.3262  210.023  47.1882  211.105
   36  53.7942  207.896  51.5278  208.952
   37  58.5241  205.837  56.1260  206.859
   38  63.5228  203.844  60.9895  204.833
   39  68.7970  201.947  66.1253  202.889
   40  74.3533  200.160  71.5398  201.048
   41  80.1980  198.414  77.2396  199.281
   42  86.3375  196.699  83.2310  197.551
   43  92.7781  195.198  89.5204  195.943
   44  99.5256  195.586  96.1138  195.393
   45  106.586  196.476  103.017  196.034
   46  113.965  198.036  110.237  197.261
   47  121.669  200.556  117.777  199.303
   48  129.703  203.029  125.646  201.800
   49  138.072  205.483  133.846  204.263
   50  146.781  207.900  142.385  206.698
   51  155.836  210.292  151.266  209.103
   52  165.241  212.808  160.496  211.557
   53  175.001  215.302  170.078  214.062
   54  185.122  217.718  180.018  216.516
   55  195.606  220.031  190.320  218.880
   56  206.459  222.296  200.989  221.170
   57  217.685  224.560  212.028  223.434
   58  229.287  226.839  223.441  225.706
   59  241.270  229.075  235.234  227.963
   60  253.637  231.353  247.408  230.220
   61  266.392  233.662  259.969  232.513
   62  279.537  235.929  272.919  234.801
   63  293.077  238.156  286.262  237.048
   64  307.014  240.345  300.000  239.256
   65  321.351  242.496  314.137  241.426
   66  336.091  244.633  328.675  243.570
   67  351.236  246.760  343.618  245.702
   68  366.789  248.851  358.966  247.811
   69  382.751  250.932  374.724  249.897
   70  399.126  253.032  390.893  251.987
   71  415.914  255.100  407.474  254.071
   72  433.118  257.137  424.470  256.123
   73  450.738  259.158  441.882  258.152
   74  468.777  261.150  459.712  260.159
   75  487.236  263.111  477.961  262.135
   76  506.115  265.088  496.630  264.104
   77  525.416  267.052  515.720  266.074
   78  545.139  268.985  535.232  268.023
   79  565.285  270.906  555.167  269.950
   80  585.854  272.832  575.525  271.873
   81  606.847  274.729  596.306  273.785
   82  628.263  276.600  617.511  275.668
   83  650.104  278.469  639.140  277.539
   84  672.367  280.321  661.192  279.399
   85  695.054  282.146  683.667  281.238
   86  718.162  283.804  706.565  282.979
   87  741.693  284.938  729.886  284.374
   88  765.645  286.010  753.628  285.477
   89  790.017  287.068  777.790  286.541
   90  814.807  288.332  802.371  287.702
   91  840.016  289.905  827.371  289.122
   92  865.640  291.459  852.788  290.685
   93  891.679  292.992  878.620  292.229
   94  918.130  294.519  904.866  293.759
   95  944.993  296.039  931.524  295.283
   96  972.264  297.539  958.591  296.792
   97  999.942  299.000  986.067  298.272
   98  1028.02  0.000000  1013.95  299.700
