! Profile created using TESTLAY
! lat=-45.000, lon=  0.000, 1100mb alt(m)=-6.89000E+02
! input=myp48                                                                 
! Input altitudes: not supplied; calculated instead                     
! Input mixing ratios treated as relative to: dry air                   
! H2O saturation: checked & corrected if needed                         
! no altitude(m)  thickness(m) pressure(atm) temp(K) "fixed" amnt  water amnt   ozone amnt
! -- ------------ ------------ ------------ -------- ------------ ------------ ------------
regression profile 48                   
   1 -5.76103E+02  2.25793E+02  1.07120E+00  286.551  3.68425E-07  1.36810E-05  4.58123E-11
   2 -3.49209E+02  2.27995E+02  1.04269E+00  285.553  3.63455E-07  1.32937E-05  4.70930E-11
   3 -1.20081E+02  2.30263E+02  1.01458E+00  284.613  3.58488E-07  1.27378E-05  4.80703E-11
   4  1.11290E+02  2.32478E+02  9.86866E-01  283.686  3.53738E-07  1.10662E-05  4.92521E-11
   5  3.44880E+02  2.34702E+02  9.59551E-01  282.750  3.49004E-07  9.19436E-06  5.02904E-11
   6  5.80611E+02  2.36760E+02  9.32636E-01  281.576  3.44229E-07  7.36894E-06  5.11919E-11
   7  8.18317E+02  2.38653E+02  9.06124E-01  280.082  3.39252E-07  6.33280E-06  5.19387E-11
   8  1.05792E+03  2.40555E+02  8.80018E-01  278.527  3.34162E-07  5.67164E-06  5.26080E-11
   9  1.29944E+03  2.42488E+02  8.54320E-01  276.977  3.29048E-07  5.01238E-06  5.31388E-11
  10  1.54289E+03  2.44411E+02  8.29031E-01  275.377  3.23902E-07  4.40061E-06  5.29113E-11
  11  1.78828E+03  2.46356E+02  8.04152E-01  273.728  3.18655E-07  4.15054E-06  5.19034E-11
  12  2.03565E+03  2.48383E+02  7.79685E-01  272.127  3.13376E-07  3.96466E-06  5.04978E-11
  13  2.28519E+03  2.50704E+02  7.55633E-01  270.822  3.08097E-07  3.69472E-06  4.92794E-11
  14  2.53719E+03  2.53297E+02  7.31995E-01  269.794  3.02873E-07  3.13332E-06  4.81654E-11
  15  2.79182E+03  2.55957E+02  7.08772E-01  268.801  2.97650E-07  2.49918E-06  4.70701E-11
  16  3.04907E+03  2.58560E+02  6.85965E-01  267.694  2.92417E-07  1.87310E-06  4.61958E-11
  17  3.30885E+03  2.60990E+02  6.63575E-01  266.300  2.87064E-07  1.73549E-06  4.59182E-11
  18  3.57096E+03  2.63222E+02  6.41602E-01  264.638  2.81673E-07  1.74890E-06  4.56249E-11
  19  3.83522E+03  2.65301E+02  6.20048E-01  262.816  2.76318E-07  1.56662E-06  4.51421E-11
  20  4.10150E+03  2.67265E+02  5.98911E-01  260.842  2.70963E-07  1.38808E-06  4.47223E-11
  21  4.36971E+03  2.69157E+02  5.78193E-01  258.767  2.65601E-07  1.23227E-06  4.42801E-11
  22  4.63986E+03  2.71145E+02  5.57892E-01  256.752  2.60239E-07  1.08496E-06  4.38100E-11
  23  4.91207E+03  2.73274E+02  5.38010E-01  254.839  2.54881E-07  9.32910E-07  4.32577E-11
  24  5.18644E+03  2.75469E+02  5.18545E-01  252.950  2.49528E-07  7.84313E-07  4.26317E-11
  25  5.46300E+03  2.77654E+02  4.99496E-01  251.017  2.44182E-07  6.33807E-07  4.29679E-11
  26  5.74173E+03  2.79793E+02  4.80864E-01  249.004  2.38845E-07  4.99724E-07  4.54952E-11
  27  6.02256E+03  2.81870E+02  4.62647E-01  246.893  2.33502E-07  4.29967E-07  4.98510E-11
  28  6.30546E+03  2.83931E+02  4.44844E-01  244.733  2.28172E-07  3.74636E-07  5.41340E-11
  29  6.59042E+03  2.85981E+02  4.27454E-01  242.533  2.22857E-07  3.14825E-07  5.79539E-11
  30  6.87743E+03  2.88047E+02  4.10475E-01  240.311  2.17562E-07  2.59790E-07  6.13678E-11
  31  7.16659E+03  2.90267E+02  3.93906E-01  238.187  2.12281E-07  2.08353E-07  6.45949E-11
  32  7.45811E+03  2.92778E+02  3.77746E-01  236.255  2.07025E-07  1.69150E-07  6.74947E-11
  33  7.75222E+03  2.95437E+02  3.61993E-01  234.397  2.01787E-07  1.42117E-07  6.97968E-11
  34  8.04903E+03  2.98182E+02  3.46643E-01  232.557  1.96577E-07  1.15999E-07  7.21094E-11
  35  8.34865E+03  3.01068E+02  3.31696E-01  230.780  1.91392E-07  9.29986E-08  7.41561E-11
  36  8.65122E+03  3.04062E+02  3.17149E-01  229.025  1.86241E-07  7.36619E-08  7.56618E-11
  37  8.95682E+03  3.07138E+02  3.03000E-01  227.277  1.81119E-07  5.57798E-08  7.71734E-11
  38  9.26562E+03  3.10478E+02  2.89245E-01  225.665  1.76031E-07  3.88150E-08  7.82433E-11
  39  9.57791E+03  3.14097E+02  2.75882E-01  224.185  1.70979E-07  3.06221E-08  7.90181E-11
  40  9.89389E+03  3.17868E+02  2.62908E-01  222.741  1.65965E-07  2.74273E-08  7.95925E-11
  41  1.02138E+04  3.22044E+02  2.50320E-01  221.500  1.60992E-07  2.30562E-08  8.00456E-11
  42  1.05383E+04  3.26941E+02  2.38115E-01  220.660  1.56063E-07  1.91023E-08  8.04101E-11
  43  1.08681E+04  3.32528E+02  2.26289E-01  220.178  1.51176E-07  1.62926E-08  8.07349E-11
  44  1.12036E+04  3.38525E+02  2.14838E-01  219.839  1.46341E-07  1.39686E-08  8.05241E-11
  45  1.15452E+04  3.44740E+02  2.03759E-01  219.518  1.41550E-07  1.13813E-08  7.91131E-11
  46  1.18933E+04  3.51355E+02  1.93048E-01  219.307  1.36814E-07  8.66856E-09  7.56874E-11
  47  1.22482E+04  3.58386E+02  1.82701E-01  219.210  1.32130E-07  7.22984E-09  6.94652E-11
  48  1.26102E+04  3.65692E+02  1.72713E-01  219.130  1.27500E-07  6.10889E-09  6.31060E-11
  49  1.29797E+04  3.73279E+02  1.63080E-01  219.053  1.22931E-07  5.05778E-09  5.72254E-11
  50  1.33569E+04  3.81119E+02  1.53798E-01  218.966  1.18416E-07  4.04766E-09  5.24530E-11
  51  1.37419E+04  3.88950E+02  1.44861E-01  218.700  1.13967E-07  3.09311E-09  5.57070E-11
  52  1.41347E+04  3.96669E+02  1.36266E-01  218.208  1.09579E-07  2.45127E-09  6.71519E-11
  53  1.45353E+04  4.04581E+02  1.28007E-01  217.660  1.05255E-07  1.98399E-09  7.90529E-11
  54  1.49441E+04  4.12939E+02  1.20078E-01  217.176  1.01000E-07  1.58335E-09  8.92635E-11
  55  1.53616E+04  4.22005E+02  1.12475E-01  216.881  9.68127E-08  1.25932E-09  9.73942E-11
  56  1.57886E+04  4.32002E+02  1.05192E-01  216.860  9.26977E-08  9.91273E-10  1.04778E-10
  57  1.62259E+04  4.42572E+02  9.82241E-02  216.916  8.86522E-08  7.70274E-10  1.23723E-10
  58  1.66738E+04  4.53340E+02  9.15648E-02  216.838  8.46832E-08  5.99379E-10  1.55926E-10
  59  1.71328E+04  4.64570E+02  8.52085E-02  216.748  8.07904E-08  4.75214E-10  1.93705E-10
  60  1.76034E+04  4.76711E+02  7.91492E-02  216.838  7.69741E-08  3.72361E-10  2.24728E-10
  61  1.80866E+04  4.89656E+02  7.33810E-02  217.026  7.32390E-08  2.91483E-10  2.51946E-10
  62  1.85827E+04  5.02523E+02  6.78974E-02  216.913  6.95835E-08  2.59042E-10  2.79637E-10
  63  1.90916E+04  5.15205E+02  6.26921E-02  216.447  6.60126E-08  2.36470E-10  3.07501E-10
  64  1.96138E+04  5.29271E+02  5.77588E-02  216.290  6.25226E-08  2.17454E-10  3.31851E-10
  65  2.01514E+04  5.46016E+02  5.30907E-02  216.891  5.91219E-08  2.10683E-10  3.55729E-10
  66  2.07068E+04  5.64617E+02  4.86812E-02  217.869  5.58066E-08  1.98924E-10  3.77659E-10
  67  2.12811E+04  5.83971E+02  4.45233E-02  218.732  5.25818E-08  1.81121E-10  3.95000E-10
  68  2.18750E+04  6.04000E+02  4.06103E-02  219.442  4.94450E-08  1.63507E-10  4.07142E-10
  69  2.24897E+04  6.25309E+02  3.69352E-02  220.185  4.63996E-08  1.47046E-10  4.15231E-10
  70  2.31264E+04  6.48160E+02  3.34907E-02  220.999  4.34492E-08  1.32438E-10  4.23978E-10
  71  2.37867E+04  6.72342E+02  3.02696E-02  221.785  4.05912E-08  1.23681E-10  4.35252E-10
  72  2.44717E+04  6.97709E+02  2.72647E-02  222.447  3.78283E-08  1.20112E-10  4.46582E-10
  73  2.51829E+04  7.24643E+02  2.44685E-02  223.071  3.51605E-08  1.18297E-10  4.54828E-10
  74  2.59223E+04  7.54264E+02  2.18736E-02  223.925  3.25912E-08  1.14573E-10  4.59012E-10
  75  2.66935E+04  7.87992E+02  1.94725E-02  225.345  3.01190E-08  1.11037E-10  4.59807E-10
  76  2.75008E+04  8.26695E+02  1.72575E-02  227.443  2.77451E-08  1.07638E-10  4.55070E-10
  77  2.83490E+04  8.69734E+02  1.52211E-02  229.892  2.54706E-08  1.04280E-10  4.43269E-10
  78  2.92417E+04  9.15705E+02  1.33555E-02  232.203  2.32961E-08  1.00873E-10  4.24161E-10
  79  3.01816E+04  9.63959E+02  1.16530E-02  234.121  2.12225E-08  9.72178E-11  3.98293E-10
  80  3.11709E+04  1.01480E+03  1.01058E-02  235.668  1.92485E-08  9.31066E-11  3.62238E-10
  81  3.22131E+04  1.06946E+03  8.70622E-03  237.012  1.73769E-08  8.90668E-11  3.08625E-10
  82  3.33125E+04  1.12942E+03  7.44631E-03  238.362  1.56064E-08  8.46032E-11  2.48582E-10
  83  3.44757E+04  1.19694E+03  6.31828E-03  240.012  1.39370E-08  8.00355E-11  1.97872E-10
  84  3.57114E+04  1.27443E+03  5.31441E-03  242.214  1.23673E-08  7.52929E-11  1.56927E-10
  85  3.70327E+04  1.36828E+03  4.42684E-03  245.720  1.09015E-08  6.92773E-11  1.24259E-10
  86  3.84577E+04  1.48168E+03  3.64782E-03  250.718  9.53299E-09  6.39706E-11  9.84257E-11
  87  4.00042E+04  1.61124E+03  2.96971E-03  255.982  8.26582E-09  5.69083E-11  7.80277E-11
  88  4.16876E+04  1.75562E+03  2.38479E-03  260.867  7.09739E-09  4.98404E-11  6.26545E-11
  89  4.35225E+04  1.91418E+03  1.88548E-03  264.804  6.02774E-09  4.26765E-11  4.98794E-11
  90  4.55200E+04  2.08088E+03  1.46427E-03  266.668  5.05431E-09  3.38757E-11  3.90114E-11
  91  4.76864E+04  2.25181E+03  1.11385E-03  265.788  4.17455E-09  2.82943E-11  2.97793E-11
  92  5.00459E+04  2.46714E+03  8.26914E-04  266.131  3.39115E-09  2.40430E-11  2.22281E-11
  93  5.26283E+04  2.69764E+03  5.96366E-04  264.045  2.69638E-09  1.89515E-11  1.50189E-11
  94  5.54457E+04  2.93724E+03  4.15277E-04  258.035  2.09295E-09  1.43588E-11  9.78901E-12
  95  5.85178E+04  3.20698E+03  2.76896E-04  249.797  1.57445E-09  1.03568E-11  5.73431E-12
  96  6.18906E+04  3.53861E+03  1.74804E-04  240.733  1.13843E-09  7.80574E-12  3.11841E-12
  97  6.56454E+04  3.97100E+03  1.02713E-04  230.714  7.83736E-10  5.55893E-12  1.48348E-12
  98  6.99033E+04  4.54480E+03  5.47147E-05  219.445  5.02712E-10  3.46957E-12  5.15479E-13
  99  7.48773E+04  5.40328E+03  2.53192E-05  208.314  2.91346E-10  1.91754E-12  2.40613E-13
 100  8.10066E+04  6.85525E+03  9.36807E-06  196.534  1.43762E-10  8.12154E-13  1.31806E-13
