! Profile created using TESTLAY
! lat= 45.000, lon=  0.000, 1100mb alt(m)=-6.89000E+02
! input=myp14                                                                 
! Input altitudes: not supplied; calculated instead                     
! Input mixing ratios treated as relative to: dry air                   
! H2O saturation: checked & corrected if needed                         
! no altitude(m)  thickness(m) pressure(atm) temp(K) "fixed" amnt  water amnt   ozone amnt
! -- ------------ ------------ ------------ -------- ------------ ------------ ------------
regression profile 14                   
   1 -5.68827E+02  2.40346E+02  1.07120E+00  303.210  3.64761E-07  2.99203E-05  2.35630E-11
   2 -3.27636E+02  2.42036E+02  1.04269E+00  301.549  3.60265E-07  2.74418E-05  2.41090E-11
   3 -8.47536E+01  2.43728E+02  1.01458E+00  299.865  3.55726E-07  2.49941E-05  2.46387E-11
   4  1.59820E+02  2.45420E+02  9.86866E-01  298.159  3.51145E-07  2.25783E-05  2.51516E-11
   5  4.06088E+02  2.47115E+02  9.59551E-01  296.429  3.46528E-07  2.01961E-05  2.56478E-11
   6  6.54050E+02  2.48809E+02  9.32636E-01  294.678  3.41872E-07  1.78505E-05  2.61279E-11
   7  9.03714E+02  2.50519E+02  9.06124E-01  292.907  3.37165E-07  1.56206E-05  2.65941E-11
   8  1.15510E+03  2.52258E+02  8.80018E-01  291.108  3.32347E-07  1.37599E-05  2.70379E-11
   9  1.40823E+03  2.54002E+02  8.54320E-01  289.284  3.27489E-07  1.19708E-05  2.74631E-11
  10  1.66317E+03  2.55881E+02  8.29031E-01  287.555  3.22550E-07  1.04503E-05  2.79796E-11
  11  1.92010E+03  2.57966E+02  8.04152E-01  285.983  3.17503E-07  9.31126E-06  2.86390E-11
  12  2.17911E+03  2.60065E+02  7.79685E-01  284.390  3.12435E-07  8.19502E-06  2.92761E-11
  13  2.44023E+03  2.62176E+02  7.55633E-01  282.776  3.07344E-07  7.09761E-06  2.98931E-11
  14  2.70347E+03  2.64305E+02  7.31995E-01  281.140  3.02238E-07  6.02001E-06  3.04886E-11
  15  2.96885E+03  2.66442E+02  7.08772E-01  279.481  2.97111E-07  4.96311E-06  3.10580E-11
  16  3.23644E+03  2.68742E+02  6.85965E-01  277.931  2.91934E-07  4.09088E-06  3.15608E-11
  17  3.50655E+03  2.71479E+02  6.63575E-01  276.727  2.86643E-07  3.68015E-06  3.19281E-11
  18  3.77943E+03  2.74277E+02  6.41602E-01  275.525  2.81341E-07  3.30259E-06  3.22695E-11
  19  4.05512E+03  2.77106E+02  6.20048E-01  274.305  2.76029E-07  2.93220E-06  3.25879E-11
  20  4.33366E+03  2.79980E+02  5.98911E-01  273.067  2.70716E-07  2.56934E-06  3.28840E-11
  21  4.61510E+03  2.82893E+02  5.78193E-01  271.811  2.65401E-07  2.21419E-06  3.31568E-11
  22  4.89947E+03  2.85845E+02  5.57892E-01  270.536  2.60083E-07  1.86699E-06  3.34057E-11
  23  5.18681E+03  2.88838E+02  5.38010E-01  269.243  2.54767E-07  1.52806E-06  3.36315E-11
  24  5.47717E+03  2.91877E+02  5.18545E-01  267.929  2.49458E-07  1.19743E-06  3.38332E-11
  25  5.77058E+03  2.94945E+02  4.99496E-01  266.584  2.44151E-07  8.78957E-07  3.40062E-11
  26  6.06684E+03  2.97578E+02  4.80864E-01  264.772  2.38821E-07  7.12337E-07  3.40101E-11
  27  6.36562E+03  2.99979E+02  4.62647E-01  262.695  2.33485E-07  6.24412E-07  3.39178E-11
  28  6.66680E+03  3.02386E+02  4.44844E-01  260.585  2.28161E-07  5.38362E-07  3.38061E-11
  29  6.97040E+03  3.04803E+02  4.27454E-01  258.442  2.22852E-07  4.54588E-07  3.36763E-11
  30  7.27641E+03  3.07228E+02  4.10475E-01  256.262  2.17563E-07  3.73412E-07  3.35313E-11
  31  7.58491E+03  3.09775E+02  3.93906E-01  254.145  2.12288E-07  3.01591E-07  3.33582E-11
  32  7.89627E+03  3.12945E+02  3.77746E-01  252.476  2.07032E-07  2.65129E-07  3.31201E-11
  33  8.21086E+03  3.16234E+02  3.61993E-01  250.846  2.01794E-07  2.34158E-07  3.28584E-11
  34  8.52877E+03  3.19574E+02  3.46643E-01  249.188  1.96586E-07  2.04058E-07  3.25815E-11
  35  8.85003E+03  3.22958E+02  3.31696E-01  247.504  1.91404E-07  1.74697E-07  3.22881E-11
  36  9.17471E+03  3.26391E+02  3.17149E-01  245.790  1.86253E-07  1.46217E-07  3.19789E-11
  37  9.50284E+03  3.29872E+02  3.03000E-01  244.047  1.81136E-07  1.18668E-07  3.16542E-11
  38  9.83474E+03  3.33924E+02  2.89245E-01  242.650  1.76049E-07  9.81414E-08  3.14720E-11
  39  1.01710E+04  3.38595E+02  2.75882E-01  241.612  1.70999E-07  8.43240E-08  3.14248E-11
  40  1.05120E+04  3.43374E+02  2.62908E-01  240.556  1.65988E-07  7.09773E-08  3.13494E-11
  41  1.08578E+04  3.48177E+02  2.50320E-01  239.420  1.61016E-07  5.82129E-08  3.12773E-11
  42  1.12071E+04  3.50414E+02  2.38115E-01  236.460  1.56089E-07  4.90663E-08  3.21006E-11
  43  1.15579E+04  3.51320E+02  2.26289E-01  232.580  1.51204E-07  4.17199E-08  3.32830E-11
  44  1.19096E+04  3.52113E+02  2.14838E-01  228.624  1.46369E-07  3.46520E-08  3.43766E-11
  45  1.22621E+04  3.52768E+02  2.03759E-01  224.591  1.41579E-07  2.78634E-08  3.53799E-11
  46  1.26159E+04  3.54783E+02  1.93048E-01  221.403  1.36841E-07  2.26279E-08  3.86761E-11
  47  1.29727E+04  3.58895E+02  1.82701E-01  219.477  1.32157E-07  1.93736E-08  4.50645E-11
  48  1.33337E+04  3.63082E+02  1.72713E-01  217.523  1.27527E-07  1.62665E-08  5.11055E-11
  49  1.36989E+04  3.67344E+02  1.63080E-01  215.529  1.22957E-07  1.32935E-08  5.67736E-11
  50  1.40684E+04  3.71661E+02  1.53798E-01  213.492  1.18441E-07  1.04545E-08  6.20656E-11
  51  1.44423E+04  3.76066E+02  1.44861E-01  211.416  1.13991E-07  8.07010E-09  7.11609E-11
  52  1.48206E+04  3.80549E+02  1.36266E-01  209.303  1.09602E-07  6.32840E-09  8.64749E-11
  53  1.52034E+04  3.85102E+02  1.28007E-01  207.145  1.05276E-07  4.87616E-09  1.00907E-10
  54  1.55908E+04  3.89737E+02  1.20078E-01  204.940  1.01020E-07  3.61378E-09  1.14338E-10
  55  1.59829E+04  3.94433E+02  1.12475E-01  202.684  9.68307E-08  2.45930E-09  1.26764E-10
  56  1.63797E+04  3.99202E+02  1.05192E-01  200.371  9.27146E-08  1.51011E-09  1.38195E-10
  57  1.67818E+04  4.04895E+02  9.82241E-02  198.420  8.86676E-08  7.62343E-10  1.52177E-10
  58  1.71916E+04  4.14805E+02  9.15648E-02  198.372  8.46973E-08  6.53314E-10  1.80789E-10
  59  1.76119E+04  4.25689E+02  8.52085E-02  198.575  8.08031E-08  6.22250E-10  2.09070E-10
  60  1.80432E+04  4.37076E+02  7.91492E-02  198.781  7.69848E-08  5.74842E-10  2.34930E-10
  61  1.84863E+04  4.49025E+02  7.33810E-02  198.991  7.32481E-08  5.23350E-10  2.58408E-10
  62  1.89422E+04  4.62711E+02  6.78974E-02  199.692  6.95914E-08  4.87780E-10  2.89821E-10
  63  1.94137E+04  4.80303E+02  6.26921E-02  201.748  6.60187E-08  4.88949E-10  3.45012E-10
  64  1.99034E+04  4.99129E+02  5.77588E-02  203.939  6.25284E-08  4.86722E-10  3.96454E-10
  65  2.04125E+04  5.19158E+02  5.30907E-02  206.194  5.91272E-08  4.75534E-10  4.42636E-10
  66  2.09421E+04  5.39992E+02  4.86812E-02  208.343  5.58112E-08  4.59210E-10  4.85725E-10
  67  2.14924E+04  5.60623E+02  4.45233E-02  209.966  5.25853E-08  4.28777E-10  5.30427E-10
  68  2.20639E+04  5.82434E+02  4.06103E-02  211.586  4.94480E-08  3.98290E-10  5.69855E-10
  69  2.26580E+04  6.05691E+02  3.69352E-02  213.257  4.64024E-08  3.69012E-10  6.03531E-10
  70  2.32761E+04  6.30564E+02  3.34907E-02  214.981  4.34513E-08  3.40957E-10  6.31612E-10
  71  2.39199E+04  6.57059E+02  3.02696E-02  216.725  4.05932E-08  3.15823E-10  6.52204E-10
  72  2.45902E+04  6.83373E+02  2.72647E-02  217.866  3.78296E-08  3.19916E-10  6.34892E-10
  73  2.52872E+04  7.10795E+02  2.44685E-02  218.798  3.51617E-08  3.28441E-10  6.04707E-10
  74  2.60128E+04  7.40279E+02  2.18736E-02  219.767  3.25922E-08  3.19746E-10  5.74500E-10
  75  2.67691E+04  7.72441E+02  1.94725E-02  220.896  3.01195E-08  3.05359E-10  5.40283E-10
  76  2.75598E+04  8.08977E+02  1.72575E-02  222.570  2.77454E-08  2.79253E-10  4.91716E-10
  77  2.83887E+04  8.48812E+02  1.52211E-02  224.363  2.54711E-08  2.53337E-10  4.44245E-10
  78  2.92592E+04  8.92148E+02  1.33555E-02  226.229  2.32962E-08  2.29419E-10  3.99488E-10
  79  3.01750E+04  9.39488E+02  1.16530E-02  228.176  2.12224E-08  2.07031E-10  3.57440E-10
  80  3.11406E+04  9.91613E+02  1.01058E-02  230.274  1.92484E-08  1.85527E-10  3.17371E-10
  81  3.21628E+04  1.05288E+03  8.70622E-03  233.315  1.73767E-08  1.60864E-10  2.72153E-10
  82  3.32503E+04  1.12203E+03  7.44631E-03  236.778  1.56061E-08  1.36969E-10  2.28623E-10
  83  3.44131E+04  1.20365E+03  6.31828E-03  241.313  1.39367E-08  1.23042E-10  1.89346E-10
  84  3.56646E+04  1.29929E+03  5.31441E-03  246.901  1.23671E-08  1.16169E-10  1.54219E-10
  85  3.70129E+04  1.39737E+03  4.42684E-03  250.972  1.09013E-08  1.06552E-10  1.28672E-10
  86  3.84617E+04  1.50019E+03  3.64782E-03  253.886  9.53305E-09  9.02350E-11  1.09512E-10
  87  4.00208E+04  1.61802E+03  2.96971E-03  257.085  8.26583E-09  6.92854E-11  9.23725E-11
  88  4.17087E+04  1.75772E+03  2.38479E-03  261.179  7.09743E-09  5.55572E-11  7.81070E-11
  89  4.35464E+04  1.91773E+03  1.88548E-03  265.288  6.02777E-09  4.62685E-11  6.53821E-11
  90  4.55527E+04  2.09488E+03  1.46427E-03  268.396  5.05435E-09  4.27289E-11  5.39147E-11
  91  4.77513E+04  2.30221E+03  1.11385E-03  271.646  4.17462E-09  3.64401E-11  4.39630E-11
  92  5.01617E+04  2.51871E+03  8.26914E-04  271.740  3.39126E-09  2.91962E-11  3.20906E-11
  93  5.27958E+04  2.74941E+03  5.96366E-04  269.059  2.69651E-09  2.21668E-11  2.03351E-11
  94  5.56816E+04  3.02233E+03  4.15277E-04  265.400  2.09310E-09  1.70395E-11  1.21525E-11
  95  5.88655E+04  3.34529E+03  2.76896E-04  260.408  1.57462E-09  1.33895E-11  6.87853E-12
  96  6.24114E+04  3.74658E+03  1.74804E-04  254.688  1.13861E-09  1.01945E-11  3.39165E-12
  97  6.64165E+04  4.26359E+03  1.02713E-04  247.545  7.83916E-10  7.41376E-12  1.60779E-12
  98  7.09918E+04  4.88698E+03  5.47147E-05  235.890  5.02776E-10  4.50878E-12  5.60405E-13
  99  7.63549E+04  5.83921E+03  2.53192E-05  224.946  2.90998E-10  2.50371E-12  2.62091E-13
 100  8.30025E+04  7.45600E+03  9.36807E-06  213.287  1.43941E-10  1.22338E-12  1.47075E-13
