! Profile created using TESTLAY
! lat= 45.000, lon=  0.000, 1100mb alt(m)=-6.89000E+02
! input=myp9                                                                  
! Input altitudes: not supplied; calculated instead                     
! Input mixing ratios treated as relative to: dry air                   
! H2O saturation: checked & corrected if needed                         
! no altitude(m)  thickness(m) pressure(atm) temp(K) "fixed" amnt  water amnt   ozone amnt
! -- ------------ ------------ ------------ -------- ------------ ------------ ------------
regression profile 9                    
   1 -5.89328E+02  1.99344E+02  1.07120E+00  254.174  3.71291E-07  9.73781E-07  3.62991E-11
   2 -3.88918E+02  2.01476E+02  1.04269E+00  253.511  3.66241E-07  9.29761E-07  3.59752E-11
   3 -1.86361E+02  2.03636E+02  1.01458E+00  252.840  3.61155E-07  8.86100E-07  3.56453E-11
   4  1.83698E+01  2.05826E+02  9.86866E-01  252.159  3.56034E-07  8.42819E-07  3.53093E-11
   5  2.25306E+02  2.08047E+02  9.59551E-01  251.470  3.50886E-07  7.99952E-07  3.49680E-11
   6  4.34478E+02  2.10297E+02  9.32636E-01  250.771  3.45705E-07  7.57354E-07  3.46188E-11
   7  6.45917E+02  2.12581E+02  9.06124E-01  250.061  3.40501E-07  7.15176E-07  3.42594E-11
   8  8.59656E+02  2.14896E+02  8.80018E-01  249.340  3.35269E-07  6.75377E-07  3.38994E-11
   9  1.07573E+03  2.17244E+02  8.54320E-01  248.610  3.30013E-07  6.36287E-07  3.35348E-11
  10  1.29394E+03  2.19176E+02  8.29031E-01  247.364  3.24739E-07  5.79730E-07  3.36512E-11
  11  1.51374E+03  2.20435E+02  8.04152E-01  245.334  3.19452E-07  4.97262E-07  3.44778E-11
  12  1.73480E+03  2.21674E+02  7.79685E-01  243.266  3.14147E-07  4.15951E-07  3.52834E-11
  13  1.95708E+03  2.22895E+02  7.55633E-01  241.168  3.08822E-07  3.41568E-07  3.60583E-11
  14  2.18058E+03  2.24104E+02  7.31995E-01  239.039  3.03485E-07  2.72441E-07  3.68030E-11
  15  2.40528E+03  2.25292E+02  7.08772E-01  236.879  2.98131E-07  2.04643E-07  3.75165E-11
  16  2.63132E+03  2.26795E+02  6.85965E-01  235.027  2.92768E-07  1.51113E-07  3.87373E-11
  17  2.85932E+03  2.29211E+02  6.63575E-01  234.085  2.87385E-07  1.33743E-07  4.13759E-11
  18  3.08979E+03  2.31717E+02  6.41602E-01  233.183  2.81998E-07  1.18753E-07  4.40207E-11
  19  3.32278E+03  2.34257E+02  6.20048E-01  232.266  2.76604E-07  1.04056E-07  4.65827E-11
  20  3.55832E+03  2.36841E+02  5.98911E-01  231.338  2.71210E-07  8.96538E-08  4.90635E-11
  21  3.79648E+03  2.39463E+02  5.78193E-01  230.396  2.65815E-07  7.55548E-08  5.14599E-11
  22  4.03727E+03  2.42128E+02  5.57892E-01  229.440  2.60420E-07  6.17660E-08  5.37693E-11
  23  4.28075E+03  2.44834E+02  5.38010E-01  228.470  2.55029E-07  4.82849E-08  5.59893E-11
  24  4.52696E+03  2.47586E+02  5.18545E-01  227.486  2.49645E-07  3.51355E-08  5.81205E-11
  25  4.77594E+03  2.50374E+02  4.99496E-01  226.478  2.44268E-07  2.24873E-08  6.02192E-11
  26  5.02754E+03  2.52828E+02  4.80864E-01  225.119  2.38900E-07  1.63914E-08  6.44578E-11
  27  5.28151E+03  2.55112E+02  4.62647E-01  223.561  2.33542E-07  1.36626E-08  6.96900E-11
  28  5.53778E+03  2.57417E+02  4.44844E-01  221.980  2.28199E-07  1.09593E-08  7.47133E-11
  29  5.79636E+03  2.59740E+02  4.27454E-01  220.374  2.22871E-07  8.31153E-09  7.95380E-11
  30  6.05727E+03  2.62081E+02  4.10475E-01  218.738  2.17563E-07  5.49376E-09  8.41858E-11
  31  6.32068E+03  2.64751E+02  3.93906E-01  217.331  2.12271E-07  3.09562E-09  8.89484E-11
  32  6.58757E+03  2.69019E+02  3.77746E-01  217.160  2.07006E-07  2.75039E-09  9.49991E-11
  33  6.85889E+03  2.73616E+02  3.61993E-01  217.160  2.01762E-07  2.68072E-09  1.00979E-10
  34  7.13487E+03  2.78344E+02  3.46643E-01  217.160  1.96545E-07  2.63316E-09  1.06679E-10
  35  7.41564E+03  2.83208E+02  3.31696E-01  217.160  1.91357E-07  2.76502E-09  1.12105E-10
  36  7.70135E+03  2.88216E+02  3.17149E-01  217.160  1.86200E-07  2.93047E-09  1.17247E-10
  37  7.99215E+03  2.93372E+02  3.03000E-01  217.160  1.81075E-07  3.08728E-09  1.22098E-10
  38  8.28818E+03  2.98684E+02  2.89245E-01  217.160  1.75985E-07  2.91899E-09  1.31623E-10
  39  8.58960E+03  3.04160E+02  2.75882E-01  217.160  1.70932E-07  2.44245E-09  1.45557E-10
  40  8.89658E+03  3.09808E+02  2.62908E-01  217.160  1.65919E-07  1.98260E-09  1.58796E-10
  41  9.20930E+03  3.15636E+02  2.50320E-01  217.160  1.60946E-07  1.54468E-09  1.71595E-10
  42  9.52795E+03  3.21651E+02  2.38115E-01  217.160  1.56017E-07  1.27247E-09  1.91266E-10
  43  9.85271E+03  3.27865E+02  2.26289E-01  217.160  1.51132E-07  1.07981E-09  2.13410E-10
  44  1.01838E+04  3.34289E+02  2.14838E-01  217.160  1.46296E-07  8.94459E-10  2.34339E-10
  45  1.05214E+04  3.40928E+02  2.03759E-01  217.160  1.41508E-07  7.16460E-10  2.54045E-10
  46  1.08658E+04  3.47802E+02  1.93048E-01  217.160  1.36772E-07  5.82960E-10  2.75497E-10
  47  1.12171E+04  3.54917E+02  1.82701E-01  217.160  1.32089E-07  5.06429E-10  2.99685E-10
  48  1.15757E+04  3.62283E+02  1.72713E-01  217.160  1.27460E-07  4.33373E-10  3.22322E-10
  49  1.19418E+04  3.69933E+02  1.63080E-01  217.160  1.22892E-07  3.63407E-10  3.43388E-10
  50  1.23157E+04  3.77851E+02  1.53798E-01  217.160  1.18378E-07  2.96514E-10  3.62857E-10
  51  1.26977E+04  3.86088E+02  1.44861E-01  217.160  1.13930E-07  2.58106E-10  3.82029E-10
  52  1.30880E+04  3.94637E+02  1.36266E-01  217.160  1.09543E-07  2.62758E-10  4.01617E-10
  53  1.34871E+04  4.03521E+02  1.28007E-01  217.160  1.05220E-07  2.61581E-10  4.19530E-10
  54  1.38953E+04  4.12776E+02  1.20078E-01  217.160  1.00967E-07  2.56553E-10  4.35732E-10
  55  1.43129E+04  4.22408E+02  1.12475E-01  217.160  9.67807E-08  2.49225E-10  4.50166E-10
  56  1.47403E+04  4.32456E+02  1.05192E-01  217.160  9.26673E-08  2.34428E-10  4.62825E-10
  57  1.51780E+04  4.42924E+02  9.82241E-02  217.160  8.86232E-08  2.19350E-10  4.73763E-10
  58  1.56264E+04  4.53864E+02  9.15648E-02  217.160  8.46554E-08  2.04526E-10  4.83066E-10
  59  1.60860E+04  4.65300E+02  8.52085E-02  217.160  8.07637E-08  1.90267E-10  4.90698E-10
  60  1.65572E+04  4.77258E+02  7.91492E-02  217.160  7.69484E-08  1.77653E-10  4.96667E-10
  61  1.70408E+04  4.89797E+02  7.33810E-02  217.160  7.32149E-08  1.65889E-10  5.01021E-10
  62  1.75365E+04  5.01656E+02  6.78974E-02  216.619  6.95608E-08  1.56603E-10  5.02793E-10
  63  1.80426E+04  5.10547E+02  6.26921E-02  214.572  6.59908E-08  1.52962E-10  5.00550E-10
  64  1.85576E+04  5.19492E+02  5.77588E-02  212.381  6.25017E-08  1.48230E-10  4.96863E-10
  65  1.90817E+04  5.28758E+02  5.30907E-02  210.126  5.91028E-08  1.40996E-10  4.91966E-10
  66  1.96159E+04  5.39621E+02  4.86812E-02  208.305  5.57878E-08  1.33436E-10  4.85307E-10
  67  2.01635E+04  5.55539E+02  4.45233E-02  208.160  5.25636E-08  1.24817E-10  4.75779E-10
  68  2.07276E+04  5.72727E+02  4.06103E-02  208.160  4.94272E-08  1.16388E-10  4.65188E-10
  69  2.13095E+04  5.90930E+02  3.69352E-02  208.160  4.63830E-08  1.08271E-10  4.53759E-10
  70  2.19101E+04  6.10252E+02  3.34907E-02  208.160  4.34326E-08  1.00467E-10  4.41539E-10
  71  2.25306E+04  6.30779E+02  3.02696E-02  208.160  4.05757E-08  9.29848E-11  4.28024E-10
  72  2.31723E+04  6.52613E+02  2.72647E-02  208.160  3.78127E-08  8.59905E-11  4.05100E-10
  73  2.38365E+04  6.75902E+02  2.44685E-02  208.160  3.51458E-08  7.99937E-11  3.79454E-10
  74  2.45249E+04  7.00824E+02  2.18736E-02  208.160  3.25770E-08  7.69656E-11  3.54517E-10
  75  2.52393E+04  7.27902E+02  1.94725E-02  208.268  3.01053E-08  7.38307E-11  3.28365E-10
  76  2.59825E+04  7.58572E+02  1.72575E-02  208.815  2.77319E-08  6.94131E-11  2.96028E-10
  77  2.67577E+04  7.91869E+02  1.52211E-02  209.430  2.54580E-08  6.49399E-11  2.64901E-10
  78  2.75676E+04  8.27941E+02  1.33555E-02  210.072  2.32839E-08  6.04617E-11  2.35746E-10
  79  2.84152E+04  8.67170E+02  1.16530E-02  210.740  2.12108E-08  5.60605E-11  2.08549E-10
  80  2.93038E+04  9.10135E+02  1.01058E-02  211.489  1.92374E-08  5.17086E-11  1.82708E-10
  81  3.02390E+04  9.60191E+02  8.70622E-03  212.920  1.73663E-08  4.67173E-11  1.52341E-10
  82  3.12273E+04  1.01633E+03  7.44631E-03  214.628  1.55962E-08  4.17634E-11  1.23076E-10
  83  3.22749E+04  1.07899E+03  6.31828E-03  216.507  1.39273E-08  3.60102E-11  9.70120E-11
  84  3.33890E+04  1.14913E+03  5.31441E-03  218.563  1.23584E-08  2.98724E-11  7.40687E-11
  85  3.45780E+04  1.22892E+03  4.42684E-03  220.885  1.08931E-08  2.66602E-11  5.89603E-11
  86  3.58521E+04  1.31932E+03  3.64782E-03  223.459  9.52527E-09  2.56099E-11  4.89362E-11
  87  3.72238E+04  1.42409E+03  2.96971E-03  226.456  8.25868E-09  2.44995E-11  4.01455E-11
  88  3.87140E+04  1.55629E+03  2.38479E-03  231.435  7.09083E-09  2.04552E-11  3.31766E-11
  89  4.03466E+04  1.70891E+03  1.88548E-03  236.612  6.02178E-09  1.65427E-11  2.72257E-11
  90  4.21391E+04  1.87600E+03  1.46427E-03  240.582  5.04901E-09  1.35723E-11  2.22530E-11
  91  4.41132E+04  2.07216E+03  1.11385E-03  244.747  4.16992E-09  1.13808E-11  1.79483E-11
  92  4.62972E+04  2.29588E+03  8.26914E-04  247.881  3.38718E-09  9.33110E-12  1.30308E-11
  93  4.87225E+04  2.55476E+03  5.96366E-04  250.185  2.69310E-09  7.41902E-12  8.25582E-12
  94  5.14217E+04  2.84370E+03  4.15277E-04  250.015  2.09033E-09  5.75848E-12  4.93323E-12
  95  5.44237E+04  3.16023E+03  2.76896E-04  246.305  1.57245E-09  4.33181E-12  2.79265E-12
  96  5.77852E+04  3.56282E+03  1.74804E-04  242.439  1.13697E-09  3.13216E-12  1.37724E-12
  97  6.16164E+04  4.09953E+03  1.02713E-04  238.290  7.82748E-10  2.15633E-12  6.52737E-13
  98  6.60167E+04  4.70101E+03  5.47147E-05  227.290  5.02002E-10  1.38045E-12  2.27511E-13
  99  7.11702E+04  5.60612E+03  2.53192E-05  216.346  2.90531E-10  7.82003E-13  1.06401E-13
 100  7.75442E+04  7.14186E+03  9.36807E-06  204.687  1.43699E-10  3.75641E-13  5.97018E-14
