! Profile created using TESTLAY
! lat= 40.000, lon=  0.000, 1100mb alt(m)=-6.89000E+02
! input=myp42                                                                 
! Input altitudes: not supplied; calculated instead                     
! Input mixing ratios treated as relative to: dry air                   
! H2O saturation: checked & corrected if needed                         
! no altitude(m)  thickness(m) pressure(atm) temp(K) "fixed" amnt  water amnt   ozone amnt
! -- ------------ ------------ ------------ -------- ------------ ------------ ------------
regression profile 42                   
   1 -5.77167E+02  2.23665E+02  1.07120E+00  285.009  3.71378E-07  1.35109E-06  2.72344E-11
   2 -3.51862E+02  2.26946E+02  1.04269E+00  285.367  3.66296E-07  1.44999E-06  2.68966E-11
   3 -1.23497E+02  2.29785E+02  1.01458E+00  285.093  3.61168E-07  1.59377E-06  2.68507E-11
   4  1.07478E+02  2.32165E+02  9.86866E-01  284.185  3.55989E-07  1.81278E-06  2.73873E-11
   5  3.40632E+02  2.34142E+02  9.59551E-01  282.730  3.50765E-07  2.10489E-06  2.82599E-11
   6  5.75595E+02  2.35784E+02  9.32636E-01  280.832  3.45490E-07  2.48343E-06  2.94554E-11
   7  8.12074E+02  2.37172E+02  9.06124E-01  278.597  3.40168E-07  2.96121E-06  3.09264E-11
   8  1.04988E+03  2.38448E+02  8.80018E-01  276.203  3.34795E-07  3.54665E-06  3.26192E-11
   9  1.28900E+03  2.39781E+02  8.54320E-01  273.857  3.29385E-07  4.18506E-06  3.44938E-11
  10  1.52955E+03  2.41322E+02  8.29031E-01  271.753  3.24011E-07  4.57522E-06  3.65432E-11
  11  1.77185E+03  2.43272E+02  8.04152E-01  270.095  3.18639E-07  4.86390E-06  3.87832E-11
  12  2.01633E+03  2.45701E+02  7.79685E-01  268.967  3.13325E-07  4.82068E-06  4.09189E-11
  13  2.26341E+03  2.48458E+02  7.55633E-01  268.164  3.08028E-07  4.61951E-06  4.31300E-11
  14  2.51324E+03  2.51199E+02  7.31995E-01  267.299  3.02748E-07  4.29387E-06  4.52423E-11
  15  2.76563E+03  2.53581E+02  7.08772E-01  266.001  2.97443E-07  4.01207E-06  4.70694E-11
  16  3.02002E+03  2.55195E+02  6.85965E-01  263.903  2.92199E-07  3.42366E-06  4.84129E-11
  17  3.27557E+03  2.55901E+02  6.63575E-01  260.893  2.87008E-07  2.55568E-06  4.95077E-11
  18  3.53161E+03  2.56190E+02  6.41602E-01  257.445  2.81776E-07  1.85484E-06  4.99962E-11
  19  3.78807E+03  2.56726E+02  6.20048E-01  254.224  2.76459E-07  1.48417E-06  4.99221E-11
  20  4.04537E+03  2.57875E+02  5.98911E-01  251.594  2.71131E-07  1.17466E-06  4.95660E-11
  21  4.30405E+03  2.59487E+02  5.78193E-01  249.405  2.65797E-07  8.87388E-07  4.87490E-11
  22  4.56443E+03  2.61275E+02  5.57892E-01  247.361  2.60461E-07  6.05286E-07  4.73118E-11
  23  4.82657E+03  2.62999E+02  5.38010E-01  245.228  2.55117E-07  3.67540E-07  4.51221E-11
  24  5.09042E+03  2.64699E+02  5.18545E-01  243.034  2.49763E-07  2.17503E-07  4.26551E-11
  25  5.35606E+03  2.66579E+02  4.99496E-01  240.967  2.44395E-07  1.54539E-07  4.02935E-11
  26  5.62377E+03  2.68852E+02  4.80864E-01  239.214  2.39028E-07  1.37228E-07  3.84756E-11
  27  5.89403E+03  2.71664E+02  4.62647E-01  237.892  2.33665E-07  1.42038E-07  3.78626E-11
  28  6.16730E+03  2.74876E+02  4.44844E-01  236.859  2.28315E-07  1.57191E-07  3.87947E-11
  29  6.44385E+03  2.78212E+02  4.27454E-01  235.864  2.22981E-07  1.73828E-07  4.18720E-11
  30  6.72363E+03  2.81365E+02  4.10475E-01  234.649  2.17668E-07  1.84301E-07  4.73332E-11
  31  7.00641E+03  2.84183E+02  3.93906E-01  233.101  2.12374E-07  1.84305E-07  5.51484E-11
  32  7.29192E+03  2.86832E+02  3.77746E-01  231.362  2.07109E-07  1.70430E-07  6.42197E-11
  33  7.58012E+03  2.89584E+02  3.61993E-01  229.660  2.01868E-07  1.42927E-07  7.30950E-11
  34  7.87127E+03  2.92715E+02  3.46643E-01  228.203  1.96657E-07  1.08417E-07  8.12936E-11
  35  8.16578E+03  2.96292E+02  3.31696E-01  227.028  1.91473E-07  7.50461E-08  8.74530E-11
  36  8.46404E+03  3.00223E+02  3.17149E-01  226.044  1.86320E-07  4.84423E-08  9.09567E-11
  37  8.76633E+03  3.04369E+02  3.03000E-01  225.141  1.81196E-07  3.06353E-08  9.37331E-11
  38  9.07282E+03  3.08607E+02  2.89245E-01  224.217  1.76106E-07  1.98681E-08  9.68794E-11
  39  9.38351E+03  3.12777E+02  2.75882E-01  223.156  1.71051E-07  1.35935E-08  1.02141E-10
  40  9.69828E+03  3.16751E+02  2.62908E-01  221.872  1.66035E-07  9.96823E-09  1.11193E-10
  41  1.00169E+04  3.20477E+02  2.50320E-01  220.338  1.61060E-07  7.93489E-09  1.25737E-10
  42  1.03392E+04  3.24081E+02  2.38115E-01  218.650  1.56127E-07  6.88779E-09  1.47498E-10
  43  1.06651E+04  3.27699E+02  2.26289E-01  216.902  1.51239E-07  6.40276E-09  1.77885E-10
  44  1.09946E+04  3.31481E+02  2.14838E-01  215.188  1.46400E-07  6.19955E-09  2.16466E-10
  45  1.13282E+04  3.35610E+02  2.03759E-01  213.626  1.41607E-07  6.13463E-09  2.63218E-10
  46  1.16661E+04  3.40247E+02  1.93048E-01  212.297  1.36867E-07  6.11399E-09  3.18618E-10
  47  1.20090E+04  3.45551E+02  1.82701E-01  211.282  1.32182E-07  6.05152E-09  3.81461E-10
  48  1.23576E+04  3.51520E+02  1.72713E-01  210.561  1.27549E-07  5.90350E-09  4.52384E-10
  49  1.27124E+04  3.58093E+02  1.63080E-01  210.065  1.22976E-07  5.66617E-09  5.30932E-10
  50  1.30740E+04  3.65202E+02  1.53798E-01  209.744  1.18460E-07  5.29325E-09  6.03454E-10
  51  1.34430E+04  3.72772E+02  1.44861E-01  209.526  1.14008E-07  4.78490E-09  6.53479E-10
  52  1.38197E+04  3.80717E+02  1.36266E-01  209.355  1.09618E-07  4.19727E-09  6.83013E-10
  53  1.42046E+04  3.89021E+02  1.28007E-01  209.213  1.05292E-07  3.56524E-09  6.98127E-10
  54  1.45980E+04  3.97718E+02  1.20078E-01  209.094  1.01035E-07  2.97029E-09  7.13607E-10
  55  1.50002E+04  4.06815E+02  1.12475E-01  209.002  9.68459E-08  2.44309E-09  7.29746E-10
  56  1.54118E+04  4.16335E+02  1.05192E-01  208.924  9.27291E-08  2.00315E-09  7.44794E-10
  57  1.58331E+04  4.26302E+02  9.82241E-02  208.872  8.86817E-08  1.64991E-09  7.55717E-10
  58  1.62647E+04  4.36752E+02  9.15648E-02  208.834  8.47111E-08  1.36642E-09  7.61117E-10
  59  1.67069E+04  4.47727E+02  8.52085E-02  208.821  8.08164E-08  1.13408E-09  7.63580E-10
  60  1.71604E+04  4.59234E+02  7.91492E-02  208.824  7.69980E-08  9.35576E-10  7.61863E-10
  61  1.76257E+04  4.71361E+02  7.33810E-02  208.852  7.32616E-08  7.65988E-10  7.56832E-10
  62  1.81034E+04  4.84117E+02  6.78974E-02  208.901  6.96051E-08  6.15164E-10  7.41850E-10
  63  1.85943E+04  4.97549E+02  6.26921E-02  208.963  6.60323E-08  4.89921E-10  7.26525E-10
  64  1.90989E+04  5.11711E+02  5.77588E-02  209.052  6.25412E-08  3.95313E-10  7.07534E-10
  65  1.96181E+04  5.26699E+02  5.30907E-02  209.160  5.91397E-08  3.35639E-10  6.84578E-10
  66  2.01527E+04  5.42514E+02  4.86812E-02  209.285  5.58227E-08  3.01697E-10  6.55042E-10
  67  2.07036E+04  5.59350E+02  4.45233E-02  209.455  5.25966E-08  2.83829E-10  6.22069E-10
  68  2.12719E+04  5.77270E+02  4.06103E-02  209.677  4.94584E-08  2.76301E-10  5.89514E-10
  69  2.18588E+04  5.96449E+02  3.69352E-02  209.969  4.64123E-08  2.74028E-10  5.57770E-10
  70  2.24656E+04  6.17074E+02  3.34907E-02  210.350  4.34601E-08  2.73780E-10  5.28183E-10
  71  2.30938E+04  6.39316E+02  3.02696E-02  210.840  4.06011E-08  2.74439E-10  5.01293E-10
  72  2.37451E+04  6.63379E+02  2.72647E-02  211.452  3.78371E-08  2.75007E-10  4.75059E-10
  73  2.44215E+04  6.89504E+02  2.44685E-02  212.204  3.51685E-08  2.74995E-10  4.48214E-10
  74  2.51253E+04  7.18025E+02  2.18736E-02  213.122  3.25980E-08  2.73949E-10  4.19691E-10
  75  2.58589E+04  7.49193E+02  1.94725E-02  214.212  3.01249E-08  2.72156E-10  3.89919E-10
  76  2.66252E+04  7.83377E+02  1.72575E-02  215.493  2.77501E-08  2.68140E-10  3.57434E-10
  77  2.74274E+04  8.21045E+02  1.52211E-02  216.990  2.54751E-08  2.61477E-10  3.22614E-10
  78  2.82693E+04  8.62629E+02  1.33555E-02  218.711  2.32997E-08  2.52023E-10  2.85772E-10
  79  2.91549E+04  9.08732E+02  1.16530E-02  220.672  2.12254E-08  2.39073E-10  2.46945E-10
  80  3.00892E+04  9.59732E+02  1.01058E-02  222.842  1.92509E-08  2.22127E-10  2.07352E-10
  81  3.10771E+04  1.01616E+03  8.70622E-03  225.161  1.73787E-08  2.03150E-10  1.70711E-10
  82  3.21244E+04  1.07845E+03  7.44631E-03  227.571  1.56078E-08  1.82261E-10  1.38479E-10
  83  3.32372E+04  1.14713E+03  6.31828E-03  230.000  1.39379E-08  1.61214E-10  1.11930E-10
  84  3.44222E+04  1.22276E+03  5.31441E-03  232.383  1.23681E-08  1.41314E-10  9.08436E-11
  85  3.56868E+04  1.30659E+03  4.42684E-03  234.664  1.09019E-08  1.23034E-10  7.43461E-11
  86  3.70396E+04  1.39898E+03  3.64782E-03  236.768  9.53317E-09  1.06750E-10  6.16429E-11
  87  3.84899E+04  1.50166E+03  2.96971E-03  238.632  8.26569E-09  9.20701E-11  5.17083E-11
  88  4.00488E+04  1.61600E+03  2.38479E-03  240.185  7.09701E-09  7.85027E-11  4.34823E-11
  89  4.17289E+04  1.74417E+03  1.88548E-03  241.345  6.02715E-09  6.58808E-11  3.60004E-11
  90  4.35452E+04  1.88853E+03  1.46427E-03  242.049  5.05355E-09  5.41319E-11  2.84251E-11
  91  4.55151E+04  2.05135E+03  1.11385E-03  242.177  4.17366E-09  4.35027E-11  2.08526E-11
  92  4.76599E+04  2.23816E+03  8.26914E-04  241.520  3.39018E-09  3.44054E-11  1.44068E-11
  93  5.00039E+04  2.44989E+03  5.96366E-04  239.838  2.69543E-09  2.66669E-11  9.10721E-12
  94  5.25769E+04  2.69598E+03  4.15277E-04  236.848  2.09205E-09  2.00054E-11  5.82968E-12
  95  5.54159E+04  2.98200E+03  2.76896E-04  232.290  1.57366E-09  1.44254E-11  3.60590E-12
  96  5.85713E+04  3.32893E+03  1.74804E-04  226.478  1.13778E-09  9.92743E-12  1.85285E-12
  97  6.21328E+04  3.79409E+03  1.02713E-04  220.391  7.83242E-10  6.52386E-12  7.27590E-13
  98  6.62342E+04  4.40863E+03  5.47147E-05  212.963  5.02372E-10  4.05116E-12  2.51841E-13
  99  7.10199E+04  5.16286E+03  2.53192E-05  199.656  2.91135E-10  2.28514E-12  1.03970E-13
 100  7.67553E+04  6.30783E+03  9.36807E-06  181.080  1.43642E-10  1.01329E-12  7.06874E-14
