! Profile created using TESTLAY
! lat= -9.260, lon=  0.000, 1100mb alt(m)=-6.89000E+02
! input=myp20                                                                 
! Input altitudes: not supplied; calculated instead                     
! Input mixing ratios treated as relative to: dry air                   
! H2O saturation: checked & corrected if needed                         
! no altitude(m)  thickness(m) pressure(atm) temp(K) "fixed" amnt  water amnt   ozone amnt
! -- ------------ ------------ ------------ -------- ------------ ------------ ------------
regression profile 20                   
   1 -5.66785E+02  2.44430E+02  1.07120E+00  306.893  3.64267E-07  3.62357E-05  3.20590E-11
   2 -3.21420E+02  2.46299E+02  1.04269E+00  305.197  3.59379E-07  3.54378E-05  3.43572E-11
   3 -7.41836E+01  2.48174E+02  1.01458E+00  303.478  3.54456E-07  3.46409E-05  3.66116E-11
   4  1.74929E+02  2.50053E+02  9.86866E-01  301.736  3.49497E-07  3.38453E-05  3.88206E-11
   5  4.25925E+02  2.51938E+02  9.59551E-01  299.971  3.44509E-07  3.30519E-05  4.09835E-11
   6  6.78745E+02  2.53702E+02  9.32636E-01  298.129  3.39669E-07  3.14632E-05  4.29486E-11
   7  9.33231E+02  2.55269E+02  9.06124E-01  296.178  3.35086E-07  2.86281E-05  4.46280E-11
   8  1.18936E+03  2.56992E+02  8.80018E-01  294.438  3.30564E-07  2.54003E-05  4.48708E-11
   9  1.44737E+03  2.59027E+02  8.54320E-01  293.122  3.26180E-07  2.14577E-05  4.25336E-11
  10  1.70748E+03  2.61198E+02  8.29031E-01  291.764  3.21467E-07  1.88753E-05  3.99633E-11
  11  1.96988E+03  2.63585E+02  8.04152E-01  290.321  3.16201E-07  1.86547E-05  3.70692E-11
  12  2.23473E+03  2.66121E+02  7.79685E-01  289.034  3.10987E-07  1.81283E-05  3.53564E-11
  13  2.50222E+03  2.68863E+02  7.55633E-01  287.985  3.05867E-07  1.71014E-05  3.52965E-11
  14  2.77248E+03  2.71647E+02  7.31995E-01  286.922  3.00734E-07  1.60849E-05  3.52371E-11
  15  3.04548E+03  2.74360E+02  7.08772E-01  285.761  2.95624E-07  1.48926E-05  3.51572E-11
  16  3.32110E+03  2.76875E+02  6.85965E-01  284.396  2.90596E-07  1.33080E-05  3.50495E-11
  17  3.59924E+03  2.79406E+02  6.63575E-01  283.004  2.85553E-07  1.17391E-05  3.49276E-11
  18  3.87989E+03  2.81909E+02  6.41602E-01  281.531  2.80492E-07  1.02365E-05  3.47924E-11
  19  4.16292E+03  2.84141E+02  6.20048E-01  279.728  2.75377E-07  8.93640E-06  3.46420E-11
  20  4.44816E+03  2.86347E+02  5.98911E-01  277.853  2.70250E-07  7.68846E-06  3.44783E-11
  21  4.73563E+03  2.88596E+02  5.78193E-01  275.981  2.65113E-07  6.48975E-06  3.42764E-11
  22  5.02549E+03  2.91120E+02  5.57892E-01  274.311  2.59933E-07  5.47267E-06  3.38807E-11
  23  5.31791E+03  2.93720E+02  5.38010E-01  272.663  2.54744E-07  4.51114E-06  3.34405E-11
  24  5.61296E+03  2.96367E+02  5.18545E-01  270.999  2.49542E-07  3.64313E-06  3.43928E-11
  25  5.91073E+03  2.99186E+02  4.99496E-01  269.374  2.44240E-07  3.24514E-06  4.42960E-11
  26  6.21136E+03  3.02062E+02  4.80864E-01  267.735  2.38929E-07  2.93769E-06  5.55244E-11
  27  6.51487E+03  3.04959E+02  4.62647E-01  266.072  2.33642E-07  2.56944E-06  6.62879E-11
  28  6.82128E+03  3.07856E+02  4.44844E-01  264.390  2.28416E-07  1.99502E-06  7.63514E-11
  29  7.13059E+03  3.10780E+02  4.27454E-01  262.680  2.23205E-07  1.42038E-06  8.60285E-11
  30  7.44311E+03  3.14263E+02  4.10475E-01  261.348  2.17971E-07  1.03590E-06  9.64027E-11
  31  7.75945E+03  3.18408E+02  3.93906E-01  260.463  2.12706E-07  8.58519E-07  1.07573E-10
  32  8.08000E+03  3.22690E+02  3.77746E-01  259.596  2.07465E-07  6.95764E-07  1.18307E-10
  33  8.40509E+03  3.27488E+02  3.61993E-01  259.034  2.02224E-07  6.27058E-07  1.28587E-10
  34  8.73509E+03  3.32525E+02  3.46643E-01  258.549  1.97006E-07  5.83867E-07  1.38416E-10
  35  9.07021E+03  3.37710E+02  3.31696E-01  258.073  1.91814E-07  5.42619E-07  1.46923E-10
  36  9.41060E+03  3.43070E+02  3.17149E-01  257.613  1.86654E-07  5.03738E-07  1.53731E-10
  37  9.75633E+03  3.48378E+02  3.03000E-01  257.004  1.81526E-07  4.61822E-07  1.60144E-10
  38  1.01069E+04  3.52709E+02  2.89245E-01  255.578  1.76439E-07  3.98444E-07  1.66181E-10
  39  1.04617E+04  3.56931E+02  2.75882E-01  253.987  1.71388E-07  3.34012E-07  1.71946E-10
  40  1.08206E+04  3.60912E+02  2.62908E-01  252.145  1.66373E-07  2.81647E-07  1.80093E-10
  41  1.11835E+04  3.64811E+02  2.50320E-01  250.168  1.61397E-07  2.35435E-07  1.88927E-10
  42  1.15498E+04  3.67812E+02  2.38115E-01  247.517  1.56464E-07  1.96414E-07  1.95054E-10
  43  1.19187E+04  3.69964E+02  2.26289E-01  244.251  1.51573E-07  1.63571E-07  1.98867E-10
  44  1.22897E+04  3.72058E+02  2.14838E-01  240.915  1.46730E-07  1.35153E-07  2.03146E-10
  45  1.26627E+04  3.74072E+02  2.03759E-01  237.505  1.41933E-07  1.11866E-07  2.08075E-10
  46  1.30379E+04  3.76292E+02  1.93048E-01  234.194  1.37187E-07  9.24085E-08  2.33852E-10
  47  1.34155E+04  3.78845E+02  1.82701E-01  231.056  1.32495E-07  7.77170E-08  2.87626E-10
  48  1.37956E+04  3.81349E+02  1.72713E-01  227.856  1.27855E-07  6.36720E-08  3.38610E-10
  49  1.41782E+04  3.83812E+02  1.63080E-01  224.590  1.23275E-07  5.03064E-08  3.86509E-10
  50  1.45632E+04  3.86266E+02  1.53798E-01  221.290  1.18750E-07  4.02274E-08  4.28494E-10
  51  1.49507E+04  3.88706E+02  1.44861E-01  217.940  1.14290E-07  3.20999E-08  4.66037E-10
  52  1.53406E+04  3.91067E+02  1.36266E-01  214.517  1.09890E-07  2.43637E-08  5.00795E-10
  53  1.57328E+04  3.93448E+02  1.28007E-01  211.071  1.05556E-07  1.77102E-08  5.34798E-10
  54  1.61276E+04  3.96074E+02  1.20078E-01  207.719  1.01289E-07  1.34848E-08  5.72002E-10
  55  1.65250E+04  3.98641E+02  1.12475E-01  204.302  9.70889E-08  9.63004E-09  6.06388E-10
  56  1.69249E+04  4.01180E+02  1.05192E-01  200.830  9.29621E-08  6.25619E-09  6.39260E-10
  57  1.73274E+04  4.03975E+02  9.82241E-02  197.453  8.89044E-08  4.91587E-09  6.80640E-10
  58  1.77328E+04  4.06773E+02  9.15648E-02  194.030  8.49241E-08  4.01027E-09  7.20273E-10
  59  1.81416E+04  4.10789E+02  8.52085E-02  191.121  8.10183E-08  3.18386E-09  7.55687E-10
  60  1.85592E+04  4.24336E+02  7.91492E-02  192.461  7.71894E-08  2.60049E-09  7.86927E-10
  61  1.89916E+04  4.40588E+02  7.33810E-02  194.718  7.34434E-08  2.08945E-09  8.14087E-10
  62  1.94409E+04  4.58025E+02  6.78974E-02  197.137  6.97771E-08  1.63367E-09  8.37172E-10
  63  1.99086E+04  4.77318E+02  6.26921E-02  199.955  6.61947E-08  1.28185E-09  8.56276E-10
  64  2.03962E+04  4.97861E+02  5.77588E-02  202.875  6.26950E-08  9.59475E-10  8.71428E-10
  65  2.09042E+04  5.18113E+02  5.30907E-02  205.235  5.92846E-08  7.40669E-10  8.82779E-10
  66  2.14324E+04  5.38344E+02  4.86812E-02  207.155  5.59595E-08  5.97678E-10  8.90330E-10
  67  2.19815E+04  5.59756E+02  4.45233E-02  209.081  5.27258E-08  4.94812E-10  8.94240E-10
  68  2.25524E+04  5.82047E+02  4.06103E-02  210.881  4.95800E-08  4.98458E-10  8.94529E-10
  69  2.31463E+04  6.05727E+02  3.69352E-02  212.702  4.65259E-08  5.05471E-10  8.88020E-10
  70  2.37644E+04  6.30492E+02  3.34907E-02  214.386  4.35671E-08  4.85290E-10  8.47952E-10
  71  2.44080E+04  6.56840E+02  3.02696E-02  216.075  4.07014E-08  4.59016E-10  8.00647E-10
  72  2.50790E+04  6.85082E+02  2.72647E-02  217.822  3.79304E-08  4.33205E-10  7.54297E-10
  73  2.57792E+04  7.15242E+02  2.44685E-02  219.575  3.52555E-08  4.05602E-10  7.09278E-10
  74  2.65101E+04  7.46607E+02  2.18736E-02  221.052  3.26791E-08  3.65596E-10  6.67192E-10
  75  2.72735E+04  7.80215E+02  1.94725E-02  222.524  3.02001E-08  3.25805E-10  6.26224E-10
  76  2.80719E+04  8.16535E+02  1.72575E-02  224.052  2.78196E-08  2.88572E-10  5.86091E-10
  77  2.89078E+04  8.55389E+02  1.52211E-02  225.504  2.55391E-08  2.51377E-10  5.46847E-10
  78  2.97841E+04  8.97205E+02  1.33555E-02  226.910  2.33585E-08  2.15253E-10  5.08534E-10
  79  3.07041E+04  9.42816E+02  1.16530E-02  228.377  2.12793E-08  1.82171E-10  4.71193E-10
  80  3.16723E+04  9.93480E+02  1.01058E-02  230.096  1.93000E-08  1.53105E-10  4.29594E-10
  81  3.26940E+04  1.04989E+03  8.70622E-03  232.048  1.74232E-08  1.27552E-10  3.86042E-10
  82  3.37752E+04  1.11253E+03  7.44631E-03  234.161  1.56479E-08  1.06581E-10  3.44894E-10
  83  3.49240E+04  1.18518E+03  6.31828E-03  237.008  1.39740E-08  1.05186E-10  3.05123E-10
  84  3.61502E+04  1.26707E+03  5.31441E-03  240.171  1.24001E-08  1.06620E-10  2.67810E-10
  85  3.74653E+04  1.36322E+03  4.42684E-03  244.160  1.09303E-08  1.05541E-10  2.34095E-10
  86  3.88844E+04  1.47496E+03  3.64782E-03  248.926  9.55822E-09  1.02413E-10  2.03443E-10
  87  4.04218E+04  1.59992E+03  2.96971E-03  253.527  8.28770E-09  9.13304E-11  1.71260E-10
  88  4.20918E+04  1.74007E+03  2.38479E-03  257.876  7.11616E-09  7.42392E-11  1.38513E-10
  89  4.39065E+04  1.88923E+03  1.88548E-03  260.688  6.04364E-09  6.35198E-11  1.11044E-10
  90  4.58775E+04  2.05280E+03  1.46427E-03  262.359  5.06761E-09  5.61753E-11  8.79236E-11
  91  4.80213E+04  2.23478E+03  1.11385E-03  263.066  4.18550E-09  5.01039E-11  6.86015E-11
  92  5.03622E+04  2.44698E+03  8.26914E-04  263.259  3.40001E-09  4.21491E-11  4.70093E-11
  93  5.29334E+04  2.69552E+03  5.96366E-04  263.050  2.70343E-09  3.34257E-11  2.66152E-11
  94  5.57668E+04  2.97119E+03  4.15277E-04  260.232  2.09843E-09  2.40156E-11  1.56726E-11
  95  5.88977E+04  3.29070E+03  2.76896E-04  255.528  1.57860E-09  1.57157E-11  9.07916E-12
  96  6.23803E+04  3.67450E+03  1.74804E-04  249.191  1.14147E-09  9.63984E-12  4.22877E-12
  97  6.63053E+04  4.17545E+03  1.02713E-04  241.780  7.85871E-10  7.23056E-12  2.20877E-12
  98  7.08136E+04  4.84109E+03  5.47147E-05  232.978  5.04119E-10  4.99637E-12  1.10697E-12
  99  7.61204E+04  5.77260E+03  2.53192E-05  221.889  2.92320E-10  2.39837E-12  4.72596E-13
 100  8.26989E+04  7.38437E+03  9.36807E-06  210.691  1.44352E-10  1.04035E-12  2.01177E-13
