! Profile created using TESTLAY
! lat= 45.000, lon=  0.000, 1100mb alt(m)=-6.89000E+02
! input=myp3                                                                  
! Input altitudes: not supplied; calculated instead                     
! Input mixing ratios treated as relative to: dry air                   
! H2O saturation: checked & corrected if needed                         
! no altitude(m)  thickness(m) pressure(atm) temp(K) "fixed" amnt  water amnt   ozone amnt
! -- ------------ ------------ ------------ -------- ------------ ------------ ------------
regression profile 3                    
   1 -5.81406E+02  2.15187E+02  1.07120E+00  273.979  3.70412E-07  4.87428E-06  2.82330E-11
   2 -3.65088E+02  2.17450E+02  1.04269E+00  273.231  3.65411E-07  4.62128E-06  2.78992E-11
   3 -1.46492E+02  2.19742E+02  1.01458E+00  272.473  3.60373E-07  4.37058E-06  2.75619E-11
   4  7.44107E+01  2.22064E+02  9.86866E-01  271.705  3.55300E-07  4.12230E-06  2.72213E-11
   5  2.97652E+02  2.24418E+02  9.59551E-01  270.926  3.50199E-07  3.87664E-06  2.68777E-11
   6  5.23262E+02  2.26803E+02  9.32636E-01  270.137  3.45066E-07  3.63365E-06  2.65308E-11
   7  7.51275E+02  2.29223E+02  9.06124E-01  269.337  3.39908E-07  3.39352E-06  2.61813E-11
   8  9.81726E+02  2.31679E+02  8.80018E-01  268.529  3.34719E-07  3.16754E-06  2.58430E-11
   9  1.21465E+03  2.34178E+02  8.54320E-01  267.717  3.29499E-07  2.97512E-06  2.55410E-11
  10  1.45010E+03  2.36715E+02  8.29031E-01  266.893  3.24257E-07  2.78695E-06  2.52376E-11
  11  1.68810E+03  2.39289E+02  8.04152E-01  266.059  3.18995E-07  2.60127E-06  2.49307E-11
  12  1.92870E+03  2.41902E+02  7.79685E-01  265.214  3.13714E-07  2.41758E-06  2.46946E-11
  13  2.17193E+03  2.44560E+02  7.55633E-01  264.365  3.08416E-07  2.23271E-06  2.49180E-11
  14  2.41784E+03  2.47263E+02  7.31995E-01  263.506  3.03107E-07  2.05006E-06  2.52086E-11
  15  2.66647E+03  2.50004E+02  7.08772E-01  262.634  2.97780E-07  1.87037E-06  2.54825E-11
  16  2.91784E+03  2.52729E+02  6.85965E-01  261.689  2.92446E-07  1.69186E-06  2.57421E-11
  17  3.17173E+03  2.55045E+02  6.63575E-01  260.274  2.87104E-07  1.50241E-06  2.59997E-11
  18  3.42790E+03  2.57291E+02  6.41602E-01  258.742  2.81759E-07  1.31369E-06  2.62433E-11
  19  3.68632E+03  2.59550E+02  6.20048E-01  257.187  2.76404E-07  1.12876E-06  2.64687E-11
  20  3.94701E+03  2.61841E+02  5.98911E-01  255.614  2.71047E-07  9.59018E-07  2.69115E-11
  21  4.21002E+03  2.64183E+02  5.78193E-01  254.046  2.65676E-07  8.45815E-07  2.84334E-11
  22  4.47539E+03  2.66549E+02  5.57892E-01  252.458  2.60303E-07  7.41979E-07  3.00472E-11
  23  4.74313E+03  2.68935E+02  5.38010E-01  250.845  2.54932E-07  6.40449E-07  3.16033E-11
  24  5.01328E+03  2.71358E+02  5.18545E-01  249.220  2.49568E-07  5.50296E-07  3.30640E-11
  25  5.28587E+03  2.73832E+02  4.99496E-01  247.595  2.44204E-07  4.80679E-07  3.43903E-11
  26  5.56095E+03  2.76328E+02  4.80864E-01  245.945  2.38851E-07  4.13290E-07  3.56573E-11
  27  5.83854E+03  2.78847E+02  4.62647E-01  244.270  2.33507E-07  3.47704E-07  3.68902E-11
  28  6.11867E+03  2.81419E+02  4.44844E-01  242.593  2.28178E-07  2.88638E-07  3.90734E-11
  29  6.40140E+03  2.84032E+02  4.27454E-01  240.904  2.22863E-07  2.33783E-07  4.17141E-11
  30  6.68675E+03  2.86669E+02  4.10475E-01  239.187  2.17567E-07  1.80478E-07  4.42456E-11
  31  6.97475E+03  2.89340E+02  3.93906E-01  237.451  2.12285E-07  1.34409E-07  4.68035E-11
  32  7.26546E+03  2.92083E+02  3.77746E-01  235.718  2.07026E-07  1.08950E-07  4.97134E-11
  33  7.55893E+03  2.94855E+02  3.61993E-01  233.958  2.01787E-07  8.59086E-08  5.25290E-11
  34  7.85519E+03  2.97656E+02  3.46643E-01  232.170  1.96576E-07  6.39579E-08  5.53400E-11
  35  8.15428E+03  3.00520E+02  3.31696E-01  230.380  1.91390E-07  5.07523E-08  6.09060E-11
  36  8.45625E+03  3.03432E+02  3.17149E-01  228.571  1.86235E-07  4.13345E-08  6.74327E-11
  37  8.76115E+03  3.06370E+02  3.03000E-01  226.730  1.81111E-07  3.22296E-08  7.36601E-11
  38  9.06903E+03  3.09374E+02  2.89245E-01  224.881  1.76023E-07  2.52756E-08  8.13149E-11
  39  9.37994E+03  3.12450E+02  2.75882E-01  223.028  1.70970E-07  2.07491E-08  9.06516E-11
  40  9.69394E+03  3.15562E+02  2.62908E-01  221.141  1.65959E-07  1.63935E-08  9.95399E-11
  41  1.00114E+04  3.19434E+02  2.50320E-01  219.718  1.60984E-07  1.24699E-08  1.09716E-10
  42  1.03338E+04  3.25199E+02  2.38115E-01  219.499  1.56054E-07  9.34252E-09  1.23530E-10
  43  1.06620E+04  3.31232E+02  2.26289E-01  219.335  1.51169E-07  6.36973E-09  1.36811E-10
  44  1.09963E+04  3.37466E+02  2.14838E-01  219.168  1.46333E-07  4.02882E-09  1.50487E-10
  45  1.13370E+04  3.43899E+02  2.03759E-01  218.998  1.41543E-07  3.26850E-09  1.66666E-10
  46  1.16842E+04  3.50556E+02  1.93048E-01  218.824  1.36806E-07  2.63623E-09  1.82109E-10
  47  1.20382E+04  3.57439E+02  1.82701E-01  218.647  1.32123E-07  2.15366E-09  1.97397E-10
  48  1.23992E+04  3.64558E+02  1.72713E-01  218.467  1.27493E-07  1.94337E-09  2.13336E-10
  49  1.27675E+04  3.71939E+02  1.63080E-01  218.282  1.22924E-07  1.74906E-09  2.28203E-10
  50  1.31432E+04  3.79572E+02  1.53798E-01  218.094  1.18408E-07  1.61716E-09  2.36168E-10
  51  1.35268E+04  3.87506E+02  1.44861E-01  217.903  1.13959E-07  1.53234E-09  2.38890E-10
  52  1.39184E+04  3.95734E+02  1.36266E-01  217.707  1.09572E-07  1.45103E-09  2.41127E-10
  53  1.43184E+04  4.04271E+02  1.28007E-01  217.507  1.05247E-07  1.38054E-09  2.43117E-10
  54  1.47271E+04  4.13155E+02  1.20078E-01  217.304  1.00993E-07  1.31339E-09  2.44633E-10
  55  1.51449E+04  4.22392E+02  1.12475E-01  217.095  9.68059E-08  1.24782E-09  2.51208E-10
  56  1.55721E+04  4.32015E+02  1.05192E-01  216.882  9.26916E-08  1.18389E-09  2.62326E-10
  57  1.60091E+04  4.42024E+02  9.82241E-02  216.663  8.86463E-08  1.12155E-09  2.74630E-10
  58  1.64564E+04  4.52475E+02  9.15648E-02  216.439  8.46775E-08  1.06088E-09  2.93114E-10
  59  1.69143E+04  4.63383E+02  8.52085E-02  216.210  8.07848E-08  1.00299E-09  3.11398E-10
  60  1.73834E+04  4.74775E+02  7.91492E-02  215.974  7.69686E-08  9.54161E-10  3.35120E-10
  61  1.78641E+04  4.86699E+02  7.33810E-02  215.733  7.32332E-08  9.07854E-10  3.58407E-10
  62  1.83570E+04  4.99187E+02  6.78974E-02  215.488  6.95784E-08  8.62546E-10  3.85621E-10
  63  1.88628E+04  5.12328E+02  6.26921E-02  215.253  6.60072E-08  8.18275E-10  4.12167E-10
  64  1.93822E+04  5.26566E+02  5.77588E-02  215.200  6.25183E-08  7.75023E-10  4.42485E-10
  65  1.99164E+04  5.41705E+02  5.30907E-02  215.200  5.91176E-08  7.32866E-10  4.70912E-10
  66  2.04661E+04  5.57646E+02  4.86812E-02  215.200  5.58028E-08  6.91774E-10  4.94869E-10
  67  2.10321E+04  5.74482E+02  4.45233E-02  215.200  5.25776E-08  6.52340E-10  5.11425E-10
  68  2.16155E+04  5.92264E+02  4.06103E-02  215.200  4.94410E-08  6.15666E-10  5.13473E-10
  69  2.22172E+04  6.11088E+02  3.69352E-02  215.200  4.63959E-08  5.79696E-10  5.12556E-10
  70  2.28383E+04  6.31078E+02  3.34907E-02  215.200  4.34454E-08  5.44454E-10  5.09724E-10
  71  2.34799E+04  6.52303E+02  3.02696E-02  215.200  4.05874E-08  5.11799E-10  5.05238E-10
  72  2.41435E+04  6.74895E+02  2.72647E-02  215.200  3.78243E-08  4.80439E-10  4.98699E-10
  73  2.48305E+04  6.98994E+02  2.44685E-02  215.205  3.51564E-08  4.49725E-10  4.89077E-10
  74  2.55425E+04  7.25008E+02  2.18736E-02  215.273  3.25874E-08  4.18534E-10  4.68741E-10
  75  2.62815E+04  7.52930E+02  1.94725E-02  215.361  3.01150E-08  3.88005E-10  4.45427E-10
  76  2.70494E+04  7.82928E+02  1.72575E-02  215.454  2.77409E-08  3.58589E-10  4.22029E-10
  77  2.78490E+04  8.16271E+02  1.52211E-02  215.810  2.54667E-08  3.30309E-10  3.98610E-10
  78  2.86838E+04  8.53340E+02  1.33555E-02  216.441  2.32919E-08  3.03166E-10  3.75213E-10
  79  2.95573E+04  8.93654E+02  1.16530E-02  217.099  2.12183E-08  2.77187E-10  3.51933E-10
  80  3.04734E+04  9.38607E+02  1.01058E-02  218.023  1.92444E-08  2.52372E-10  3.31102E-10
  81  3.14371E+04  9.88793E+02  8.70622E-03  219.187  1.73727E-08  2.28756E-10  3.11896E-10
  82  3.24542E+04  1.04530E+03  7.44631E-03  220.654  1.56022E-08  2.06318E-10  2.91436E-10
  83  3.35344E+04  1.11524E+03  6.31828E-03  223.674  1.39328E-08  1.85075E-10  2.66029E-10
  84  3.46894E+04  1.19466E+03  5.31441E-03  227.111  1.23634E-08  1.65007E-10  2.40611E-10
  85  3.59293E+04  1.28515E+03  4.42684E-03  230.875  1.08977E-08  1.46191E-10  2.14326E-10
  86  3.72658E+04  1.38778E+03  3.64782E-03  234.926  9.52948E-09  1.28536E-10  1.88421E-10
  87  3.87127E+04  1.50606E+03  2.96971E-03  239.372  8.26247E-09  1.12105E-10  1.60448E-10
  88  4.02871E+04  1.64272E+03  2.38479E-03  244.181  7.09430E-09  9.68678E-11  1.31908E-10
  89  4.20097E+04  1.80250E+03  1.88548E-03  249.419  6.02489E-09  8.28172E-11  1.00818E-10
  90  4.39066E+04  1.99137E+03  1.46427E-03  255.198  5.05176E-09  6.95838E-11  7.17650E-11
  91  4.60089E+04  2.21315E+03  1.11385E-03  261.213  4.17237E-09  5.74709E-11  4.86164E-11
  92  4.83444E+04  2.45801E+03  8.26914E-04  265.255  3.38933E-09  4.65189E-11  3.14587E-11
  93  5.09252E+04  2.70355E+03  5.96366E-04  264.720  2.69494E-09  3.66117E-11  1.90075E-11
  94  5.37673E+04  2.98055E+03  4.15277E-04  261.841  2.09184E-09  2.80851E-11  1.12962E-11
  95  5.69064E+04  3.29777E+03  2.76896E-04  256.907  1.57366E-09  2.04528E-11  6.22428E-12
  96  6.03934E+04  3.67623E+03  1.74804E-04  250.104  1.13789E-09  1.39680E-11  3.08117E-12
  97  6.43182E+04  4.17334E+03  1.02713E-04  242.430  7.83404E-10  8.78029E-12  1.35842E-12
  98  6.88223E+04  4.83484E+03  5.47147E-05  233.408  5.02538E-10  4.82860E-12  5.33657E-13
  99  7.41294E+04  5.77941E+03  2.53192E-05  222.838  2.91448E-10  2.27701E-12  2.16191E-13
 100  8.06770E+04  7.31563E+03  9.36807E-06  209.886  1.43999E-10  7.96399E-13  1.17594E-13
