! Profile created using TESTLAY
! lat=-31.560, lon=  0.000, 1100mb alt(m)=-6.89000E+02
! input=myp21                                                                 
! Input altitudes: not supplied; calculated instead                     
! Input mixing ratios treated as relative to: dry air                   
! H2O saturation: checked & corrected if needed                         
! no altitude(m)  thickness(m) pressure(atm) temp(K) "fixed" amnt  water amnt   ozone amnt
! -- ------------ ------------ ------------ -------- ------------ ------------ ------------
regression profile 21                   
   1 -5.75463E+02  2.27073E+02  1.07120E+00  287.644  3.68468E-07  1.54599E-05  2.13163E-11
   2 -3.46991E+02  2.29872E+02  1.04269E+00  287.373  3.63496E-07  1.50530E-05  2.10287E-11
   3 -1.15695E+02  2.32719E+02  1.01458E+00  287.098  3.58489E-07  1.46476E-05  2.07390E-11
   4  1.18447E+02  2.35564E+02  9.86866E-01  286.840  3.53612E-07  1.35091E-05  2.08883E-11
   5  3.55430E+02  2.38403E+02  9.59551E-01  286.602  3.48892E-07  1.15577E-05  2.15253E-11
   6  5.95058E+02  2.40852E+02  9.32636E-01  285.807  3.44057E-07  9.97028E-06  2.16164E-11
   7  8.36799E+02  2.42630E+02  9.06124E-01  284.112  3.39072E-07  8.94189E-06  2.08595E-11
   8  1.08036E+03  2.44482E+02  8.80018E-01  282.500  3.34104E-07  7.71638E-06  2.04135E-11
   9  1.32584E+03  2.46495E+02  8.54320E-01  281.089  3.29199E-07  6.10410E-06  2.05548E-11
  10  1.57367E+03  2.49167E+02  8.29031E-01  280.369  3.24247E-07  4.60676E-06  2.06997E-11
  11  1.82478E+03  2.53036E+02  8.04152E-01  280.908  3.19230E-07  3.30773E-06  2.08331E-11
  12  2.07967E+03  2.56752E+02  7.79685E-01  281.145  3.14107E-07  2.40872E-06  2.10986E-11
  13  2.33812E+03  2.60155E+02  7.55633E-01  280.895  3.08841E-07  2.05543E-06  2.15535E-11
  14  2.60002E+03  2.63629E+02  7.31995E-01  280.637  3.03562E-07  1.71290E-06  2.19924E-11
  15  2.86523E+03  2.66806E+02  7.08772E-01  279.994  2.98258E-07  1.41291E-06  2.23928E-11
  16  3.13326E+03  2.69240E+02  6.85965E-01  278.501  2.92927E-07  1.19680E-06  2.27323E-11
  17  3.40371E+03  2.71667E+02  6.63575E-01  276.954  2.87584E-07  9.87763E-07  2.30527E-11
  18  3.67653E+03  2.73974E+02  6.41602E-01  275.241  2.82236E-07  7.90131E-07  2.33557E-11
  19  3.95129E+03  2.75553E+02  6.20048E-01  272.766  2.76870E-07  6.32094E-07  2.36405E-11
  20  4.22758E+03  2.77013E+02  5.98911E-01  270.148  2.71503E-07  4.82544E-07  2.39074E-11
  21  4.50530E+03  2.78440E+02  5.78193E-01  267.485  2.66131E-07  3.45069E-07  2.41310E-11
  22  4.78443E+03  2.79808E+02  5.57892E-01  264.743  2.60745E-07  2.73359E-07  2.41554E-11
  23  5.06490E+03  2.81137E+02  5.38010E-01  261.951  2.55358E-07  2.16089E-07  2.41297E-11
  24  5.34671E+03  2.82483E+02  5.18545E-01  259.159  2.49980E-07  1.62991E-07  2.42024E-11
  25  5.63001E+03  2.84116E+02  4.99496E-01  256.613  2.44602E-07  1.29030E-07  2.49700E-11
  26  5.91496E+03  2.85787E+02  4.80864E-01  254.081  2.39234E-07  9.91677E-08  2.58306E-11
  27  6.20160E+03  2.87488E+02  4.62647E-01  251.552  2.33876E-07  7.31789E-08  2.65971E-11
  28  6.49001E+03  2.89335E+02  4.44844E-01  249.127  2.28530E-07  5.76731E-08  2.71535E-11
  29  6.78027E+03  2.91180E+02  4.27454E-01  246.675  2.23198E-07  4.33515E-08  2.76625E-11
  30  7.07242E+03  2.93120E+02  4.10475E-01  244.271  2.17887E-07  3.22928E-08  2.83494E-11
  31  7.36656E+03  2.95167E+02  3.93906E-01  241.933  2.12590E-07  2.47810E-08  2.92336E-11
  32  7.66276E+03  2.97227E+02  3.77746E-01  239.569  2.07320E-07  1.77431E-08  3.01016E-11
  33  7.96110E+03  2.99454E+02  3.61993E-01  237.307  2.02070E-07  1.33242E-08  3.12415E-11
  34  8.26169E+03  3.01728E+02  3.46643E-01  235.046  1.96848E-07  9.68252E-09  3.24047E-11
  35  8.56464E+03  3.04169E+02  3.31696E-01  232.877  1.91653E-07  6.88785E-09  3.34147E-11
  36  8.87016E+03  3.06880E+02  3.17149E-01  230.869  1.86490E-07  5.26044E-09  3.42338E-11
  37  9.17845E+03  3.09692E+02  3.03000E-01  228.889  1.81358E-07  3.82952E-09  3.49075E-11
  38  9.48981E+03  3.13025E+02  2.89245E-01  227.234  1.76263E-07  3.17622E-09  3.50532E-11
  39  9.80457E+03  3.16489E+02  2.75882E-01  225.612  1.71202E-07  2.66281E-09  3.50864E-11
  40  1.01229E+04  3.20172E+02  2.62908E-01  224.076  1.66181E-07  2.24545E-09  3.50849E-11
  41  1.04450E+04  3.23991E+02  2.50320E-01  222.564  1.61200E-07  1.87717E-09  3.50483E-11
  42  1.07712E+04  3.28371E+02  2.38115E-01  221.349  1.56265E-07  1.60737E-09  3.49778E-11
  43  1.11020E+04  3.33279E+02  2.26289E-01  220.400  1.51373E-07  1.42026E-09  3.48725E-11
  44  1.14378E+04  3.38316E+02  2.14838E-01  219.432  1.46529E-07  1.29865E-09  3.47333E-11
  45  1.17787E+04  3.43484E+02  2.03759E-01  218.445  1.41733E-07  1.25569E-09  3.45599E-11
  46  1.21250E+04  3.49107E+02  1.93048E-01  217.632  1.36989E-07  1.21366E-09  3.67604E-11
  47  1.24772E+04  3.55350E+02  1.82701E-01  217.081  1.32299E-07  1.17211E-09  4.21429E-11
  48  1.28358E+04  3.61789E+02  1.72713E-01  216.521  1.27663E-07  1.13103E-09  4.72314E-11
  49  1.32009E+04  3.68446E+02  1.63080E-01  215.947  1.23087E-07  1.09048E-09  5.20005E-11
  50  1.35727E+04  3.75097E+02  1.53798E-01  215.238  1.18567E-07  1.04949E-09  5.64462E-11
  51  1.39511E+04  3.81854E+02  1.44861E-01  214.443  1.14111E-07  1.00862E-09  6.05726E-11
  52  1.43365E+04  3.88832E+02  1.36266E-01  213.630  1.09717E-07  9.68381E-10  6.43787E-11
  53  1.47291E+04  3.96301E+02  1.28007E-01  212.938  1.05387E-07  9.41166E-10  6.78655E-11
  54  1.51296E+04  4.04870E+02  1.20078E-01  212.664  1.01127E-07  9.51164E-10  7.10380E-11
  55  1.55390E+04  4.13833E+02  1.12475E-01  212.416  9.69339E-08  9.61450E-10  7.38936E-11
  56  1.59575E+04  4.23242E+02  1.05192E-01  212.199  9.28133E-08  9.64172E-10  8.18241E-11
  57  1.63859E+04  4.33580E+02  9.82241E-02  212.243  8.87630E-08  9.29203E-10  1.26434E-10
  58  1.68250E+04  4.44494E+02  9.15648E-02  212.343  8.47880E-08  8.87591E-10  1.75212E-10
  59  1.72752E+04  4.55867E+02  8.52085E-02  212.424  8.08905E-08  8.46790E-10  2.20383E-10
  60  1.77368E+04  4.67418E+02  7.91492E-02  212.350  7.70691E-08  8.06787E-10  2.61966E-10
  61  1.82102E+04  4.79453E+02  7.33810E-02  212.242  7.33294E-08  7.67639E-10  3.00003E-10
  62  1.86960E+04  4.92098E+02  6.78974E-02  212.148  6.96697E-08  7.26158E-10  3.34518E-10
  63  1.91948E+04  5.05498E+02  6.26921E-02  212.106  6.60934E-08  6.75880E-10  3.65560E-10
  64  1.97073E+04  5.19568E+02  5.77588E-02  212.066  6.25991E-08  6.26576E-10  3.93227E-10
  65  2.02342E+04  5.34062E+02  5.30907E-02  211.890  5.91945E-08  5.53584E-10  4.28559E-10
  66  2.07757E+04  5.49023E+02  4.86812E-02  211.602  5.58746E-08  4.65558E-10  4.67832E-10
  67  2.13325E+04  5.64666E+02  4.45233E-02  211.253  5.26458E-08  3.96441E-10  5.03521E-10
  68  2.19052E+04  5.80629E+02  4.06103E-02  210.706  4.95047E-08  3.75026E-10  5.38570E-10
  69  2.24944E+04  5.97752E+02  3.69352E-02  210.234  4.64556E-08  3.57942E-10  5.64778E-10
  70  2.31028E+04  6.19041E+02  3.34907E-02  210.820  4.35008E-08  3.43348E-10  5.49671E-10
  71  2.37336E+04  6.42543E+02  3.02696E-02  211.701  4.06396E-08  3.29221E-10  5.24792E-10
  72  2.43887E+04  6.67650E+02  2.72647E-02  212.612  3.78725E-08  3.14952E-10  4.99922E-10
  73  2.50697E+04  6.94457E+02  2.44685E-02  213.528  3.52014E-08  2.99598E-10  4.71201E-10
  74  2.57783E+04  7.22725E+02  2.18736E-02  214.316  3.26289E-08  2.78650E-10  4.20458E-10
  75  2.65162E+04  7.53010E+02  1.94725E-02  215.104  3.01533E-08  2.57509E-10  3.69297E-10
  76  2.72855E+04  7.85666E+02  1.72575E-02  215.925  2.77763E-08  2.37199E-10  3.21796E-10
  77  2.80895E+04  8.22320E+02  1.52211E-02  217.124  2.54992E-08  2.16487E-10  2.82907E-10
  78  2.89322E+04  8.63139E+02  1.33555E-02  218.637  2.33217E-08  1.95910E-10  2.50384E-10
  79  2.98177E+04  9.07689E+02  1.16530E-02  220.217  2.12454E-08  1.76475E-10  2.20186E-10
  80  3.07503E+04  9.57639E+02  1.01058E-02  222.147  1.92690E-08  1.57119E-10  1.98536E-10
  81  3.17360E+04  1.01365E+03  8.70622E-03  224.395  1.73952E-08  1.38290E-10  1.82778E-10
  82  3.27807E+04  1.07577E+03  7.44631E-03  226.790  1.56225E-08  1.22096E-10  1.66943E-10
  83  3.38919E+04  1.14663E+03  6.31828E-03  229.673  1.39511E-08  1.17548E-10  1.47050E-10
  84  3.50783E+04  1.22617E+03  5.31441E-03  232.802  1.23796E-08  1.14618E-10  1.27529E-10
  85  3.63497E+04  1.31667E+03  4.42684E-03  236.227  1.09122E-08  1.09837E-10  1.08145E-10
  86  3.77177E+04  1.41934E+03  3.64782E-03  239.955  9.54225E-09  1.03626E-10  8.95155E-11
  87  3.91945E+04  1.53427E+03  2.96971E-03  243.551  8.27364E-09  9.11773E-11  7.06858E-11
  88  4.07933E+04  1.66341E+03  2.38479E-03  246.953  7.10393E-09  7.39627E-11  5.22076E-11
  89  4.25278E+04  1.80551E+03  1.88548E-03  249.564  6.03311E-09  5.63897E-11  3.96360E-11
  90  4.44133E+04  1.96555E+03  1.46427E-03  251.636  5.05864E-09  4.03355E-11  3.09650E-11
  91  4.64705E+04  2.14870E+03  1.11385E-03  253.361  4.17799E-09  2.78211E-11  2.53190E-11
  92  4.87209E+04  2.35211E+03  8.26914E-04  253.541  3.39381E-09  2.16505E-11  2.02981E-11
  93  5.11873E+04  2.58075E+03  5.96366E-04  252.348  2.69841E-09  1.88241E-11  1.55987E-11
  94  5.38954E+04  2.83537E+03  4.15277E-04  248.832  2.09445E-09  1.57495E-11  8.80113E-12
  95  5.68783E+04  3.13057E+03  2.76896E-04  243.592  1.57554E-09  1.23289E-11  3.48386E-12
  96  6.01861E+04  3.48489E+03  1.74804E-04  236.837  1.13920E-09  8.42829E-12  1.89460E-12
  97  6.39011E+04  3.94528E+03  1.02713E-04  228.968  7.84252E-10  6.59289E-12  8.94577E-13
  98  6.81506E+04  4.55355E+03  5.47147E-05  219.666  5.03042E-10  5.00865E-12  3.98018E-13
  99  7.31319E+04  5.40920E+03  2.53192E-05  208.439  2.91667E-10  2.83782E-12  1.68070E-13
 100  7.92838E+04  6.89448E+03  9.36807E-06  197.241  1.44011E-10  1.55399E-12  1.09294E-13
