! Profile created using TESTLAY
! lat=-62.120, lon=  0.000, 1100mb alt(m)=-6.89000E+02
! input=myp35                                                                 
! Input altitudes: not supplied; calculated instead                     
! Input mixing ratios treated as relative to: dry air                   
! H2O saturation: checked & corrected if needed                         
! no altitude(m)  thickness(m) pressure(atm) temp(K) "fixed" amnt  water amnt   ozone amnt
! -- ------------ ------------ ------------ -------- ------------ ------------ ------------
regression profile 35                   
   1 -5.86326E+02  2.05349E+02  1.07120E+00  262.119  3.70506E-07  2.01121E-06  7.40710E-11
   2 -3.80103E+02  2.07096E+02  1.04269E+00  260.881  3.65491E-07  1.84638E-06  6.89107E-11
   3 -1.72127E+02  2.08856E+02  1.01458E+00  259.627  3.60440E-07  1.68339E-06  6.38046E-11
   4  3.76138E+01  2.10626E+02  9.86866E-01  258.356  3.55354E-07  1.52232E-06  5.87556E-11
   5  2.49132E+02  2.12410E+02  9.59551E-01  257.068  3.50240E-07  1.36330E-06  5.37670E-11
   6  4.62440E+02  2.14206E+02  9.32636E-01  255.765  3.45092E-07  1.21325E-06  4.88462E-11
   7  6.77553E+02  2.16021E+02  9.06124E-01  254.446  3.39917E-07  1.07622E-06  4.39995E-11
   8  8.94576E+02  2.18026E+02  8.80018E-01  253.315  3.34709E-07  9.62310E-07  4.00063E-11
   9  1.11378E+03  2.20387E+02  8.54320E-01  252.553  3.29469E-07  8.88888E-07  3.75227E-11
  10  1.33520E+03  2.22456E+02  8.29031E-01  251.411  3.24208E-07  8.10508E-07  3.41393E-11
  11  1.55840E+03  2.23934E+02  8.04152E-01  249.570  3.18931E-07  7.21021E-07  2.90906E-11
  12  1.78309E+03  2.25441E+02  7.79685E-01  247.741  3.13635E-07  6.35198E-07  2.66074E-11
  13  2.00931E+03  2.27015E+02  7.55633E-01  245.963  3.08320E-07  5.54363E-07  2.77445E-11
  14  2.23712E+03  2.28592E+02  7.31995E-01  244.161  3.02994E-07  4.74986E-07  2.88771E-11
  15  2.46656E+03  2.30303E+02  7.08772E-01  242.479  2.97650E-07  4.03012E-07  2.99345E-11
  16  2.69788E+03  2.32330E+02  6.85965E-01  241.096  2.92294E-07  3.45277E-07  3.08718E-11
  17  2.93124E+03  2.34385E+02  6.63575E-01  239.704  2.86929E-07  2.89130E-07  3.17718E-11
  18  3.16673E+03  2.36587E+02  6.41602E-01  238.418  2.81560E-07  2.37252E-07  3.26738E-11
  19  3.40475E+03  2.39453E+02  6.20048E-01  237.753  2.76178E-07  2.02069E-07  3.37197E-11
  20  3.64571E+03  2.42470E+02  5.98911E-01  237.172  2.70796E-07  1.69834E-07  3.47504E-11
  21  3.88968E+03  2.45474E+02  5.78193E-01  236.515  2.65413E-07  1.39488E-07  3.57135E-11
  22  4.13642E+03  2.48018E+02  5.57892E-01  235.356  2.60029E-07  1.18383E-07  3.64507E-11
  23  4.38568E+03  2.50485E+02  5.38010E-01  234.078  2.54647E-07  9.95033E-08  3.71120E-11
  24  4.63740E+03  2.52954E+02  5.18545E-01  232.750  2.49273E-07  8.17820E-08  3.80668E-11
  25  4.89149E+03  2.55237E+02  4.99496E-01  231.208  2.43903E-07  6.90608E-08  4.11005E-11
  26  5.14786E+03  2.57499E+02  4.80864E-01  229.605  2.38544E-07  5.74827E-08  4.44110E-11
  27  5.40649E+03  2.59764E+02  4.62647E-01  227.962  2.33198E-07  4.69170E-08  4.73870E-11
  28  5.66737E+03  2.61990E+02  4.44844E-01  226.247  2.27863E-07  3.88997E-08  4.95693E-11
  29  5.93047E+03  2.64225E+02  4.27454E-01  224.500  2.22544E-07  3.12745E-08  5.16016E-11
  30  6.19590E+03  2.66624E+02  4.10475E-01  222.848  2.17245E-07  2.53818E-08  5.34322E-11
  31  6.46382E+03  2.69211E+02  3.93906E-01  221.312  2.11961E-07  2.13726E-08  5.50481E-11
  32  6.73435E+03  2.71867E+02  3.77746E-01  219.778  2.06704E-07  1.76053E-08  5.68421E-11
  33  7.00775E+03  2.74917E+02  3.61993E-01  218.509  2.01469E-07  1.51750E-08  6.12776E-11
  34  7.28426E+03  2.78117E+02  3.46643E-01  217.298  1.96260E-07  1.31411E-08  6.62421E-11
  35  7.56420E+03  2.81758E+02  3.31696E-01  216.361  1.91079E-07  1.17300E-08  7.09797E-11
  36  7.84812E+03  2.86070E+02  3.17149E-01  215.855  1.85930E-07  1.11892E-08  7.54902E-11
  37  8.13635E+03  2.90390E+02  3.03000E-01  215.265  1.80812E-07  1.05302E-08  8.08918E-11
  38  8.42864E+03  2.94199E+02  2.89245E-01  214.212  1.75730E-07  9.12119E-09  9.22949E-11
  39  8.72473E+03  2.97987E+02  2.75882E-01  213.064  1.70684E-07  7.64743E-09  1.04156E-10
  40  9.02463E+03  3.01812E+02  2.62908E-01  211.866  1.65678E-07  6.44823E-09  1.15441E-10
  41  9.32839E+03  3.05698E+02  2.50320E-01  210.633  1.60712E-07  5.38913E-09  1.26149E-10
  42  9.63648E+03  3.10481E+02  2.38115E-01  209.925  1.55789E-07  4.49565E-09  1.36278E-10
  43  9.94978E+03  3.16120E+02  2.26289E-01  209.687  1.50911E-07  3.74446E-09  1.45826E-10
  44  1.02688E+04  3.21941E+02  2.14838E-01  209.445  1.46082E-07  3.09424E-09  1.54792E-10
  45  1.05938E+04  3.27947E+02  2.03759E-01  209.199  1.41300E-07  2.56115E-09  1.63171E-10
  46  1.09246E+04  3.33842E+02  1.93048E-01  208.754  1.36570E-07  2.11871E-09  1.85420E-10
  47  1.12613E+04  3.39481E+02  1.82701E-01  208.025  1.31894E-07  1.78943E-09  2.26392E-10
  48  1.16037E+04  3.45282E+02  1.72713E-01  207.278  1.27272E-07  1.47462E-09  2.65210E-10
  49  1.19520E+04  3.51283E+02  1.63080E-01  206.522  1.22709E-07  1.17654E-09  3.01667E-10
  50  1.23066E+04  3.57982E+02  1.53798E-01  206.049  1.18202E-07  1.02242E-09  3.33507E-10
  51  1.26682E+04  3.65228E+02  1.44861E-01  205.736  1.13760E-07  9.46976E-10  3.61903E-10
  52  1.30372E+04  3.72733E+02  1.36266E-01  205.417  1.09378E-07  8.74139E-10  3.88179E-10
  53  1.34137E+04  3.80270E+02  1.28007E-01  204.959  1.05062E-07  8.02246E-10  4.13147E-10
  54  1.37975E+04  3.87315E+02  1.20078E-01  204.079  1.00814E-07  7.28047E-10  4.38396E-10
  55  1.41884E+04  3.94540E+02  1.12475E-01  203.148  9.66329E-08  6.56546E-10  4.61523E-10
  56  1.45867E+04  4.02060E+02  1.05192E-01  202.212  9.25248E-08  5.91567E-10  4.84936E-10
  57  1.49928E+04  4.10084E+02  9.82241E-02  201.375  8.84862E-08  5.53099E-10  5.23621E-10
  58  1.54071E+04  4.18472E+02  9.15648E-02  200.543  8.45236E-08  5.20577E-10  5.62195E-10
  59  1.58300E+04  4.27385E+02  8.52085E-02  199.780  8.06374E-08  4.93075E-10  5.96985E-10
  60  1.62627E+04  4.38084E+02  7.91492E-02  199.650  7.68270E-08  4.93904E-10  6.28010E-10
  61  1.67066E+04  4.49582E+02  7.33810E-02  199.650  7.30975E-08  4.98835E-10  6.55338E-10
  62  1.71623E+04  4.61836E+02  6.78974E-02  199.733  6.94491E-08  5.05287E-10  6.74268E-10
  63  1.76309E+04  4.75354E+02  6.26921E-02  200.090  6.58837E-08  5.19771E-10  6.75138E-10
  64  1.81133E+04  4.89617E+02  5.77588E-02  200.476  6.24001E-08  5.32171E-10  6.72874E-10
  65  1.86100E+04  5.03713E+02  5.30907E-02  200.490  5.90053E-08  5.09037E-10  6.72439E-10
  66  1.91208E+04  5.17783E+02  4.86812E-02  200.203  5.56959E-08  4.61555E-10  6.72588E-10
  67  1.96457E+04  5.32137E+02  4.45233E-02  199.727  5.24769E-08  4.11305E-10  6.70448E-10
  68  2.01845E+04  5.45514E+02  4.06103E-02  198.607  4.93453E-08  3.46716E-10  6.66030E-10
  69  2.07373E+04  5.60008E+02  3.69352E-02  197.600  4.63055E-08  2.89218E-10  6.58175E-10
  70  2.13079E+04  5.81160E+02  3.34907E-02  198.558  4.33597E-08  2.73158E-10  6.36687E-10
  71  2.19011E+04  6.05260E+02  3.02696E-02  200.063  4.05072E-08  2.66425E-10  6.11658E-10
  72  2.25193E+04  6.31086E+02  2.72647E-02  201.620  3.77489E-08  2.59111E-10  5.86249E-10
  73  2.31645E+04  6.59316E+02  2.44685E-02  203.378  3.50859E-08  2.50598E-10  5.60841E-10
  74  2.38406E+04  6.92863E+02  2.18736E-02  206.119  3.25215E-08  2.37917E-10  5.37058E-10
  75  2.45519E+04  7.29727E+02  1.94725E-02  209.121  3.00538E-08  2.24664E-10  5.13105E-10
  76  2.53016E+04  7.69801E+02  1.72575E-02  212.241  2.76846E-08  2.11563E-10  4.88715E-10
  77  2.60938E+04  8.14615E+02  1.52211E-02  215.779  2.54148E-08  2.01121E-10  4.62711E-10
  78  2.69334E+04  8.64520E+02  1.33555E-02  219.687  2.32445E-08  1.92283E-10  4.35703E-10
  79  2.78254E+04  9.19400E+02  1.16530E-02  223.768  2.11752E-08  1.83099E-10  4.08718E-10
  80  2.87766E+04  9.83146E+02  1.01058E-02  228.777  1.92055E-08  1.75673E-10  3.69276E-10
  81  2.97965E+04  1.05660E+03  8.70622E-03  234.628  1.73379E-08  1.69204E-10  3.22755E-10
  82  3.08938E+04  1.13802E+03  7.44631E-03  240.660  1.55713E-08  1.59898E-10  2.79870E-10
  83  3.20750E+04  1.22440E+03  6.31828E-03  246.024  1.39057E-08  1.32837E-10  2.40511E-10
  84  3.33473E+04  1.32010E+03  5.31441E-03  251.416  1.23398E-08  1.04662E-10  2.04605E-10
  85  3.47164E+04  1.41822E+03  4.42684E-03  255.285  1.08773E-08  8.07553E-11  1.70650E-10
  86  3.61857E+04  1.52031E+03  3.64782E-03  257.865  9.51210E-09  6.05468E-11  1.39159E-10
  87  3.77612E+04  1.63069E+03  2.96971E-03  259.717  8.24769E-09  4.94158E-11  1.13060E-10
  88  3.94515E+04  1.74988E+03  2.38479E-03  260.652  7.08186E-09  4.55800E-11  9.17725E-11
  89  4.12632E+04  1.87347E+03  1.88548E-03  259.842  6.01450E-09  3.97654E-11  7.43083E-11
  90  4.32029E+04  2.00595E+03  1.46427E-03  257.697  5.04311E-09  3.33430E-11  5.96624E-11
  91  4.52817E+04  2.15175E+03  1.11385E-03  254.617  4.16521E-09  2.75450E-11  4.69242E-11
  92  4.75204E+04  2.32553E+03  8.26914E-04  251.496  3.38342E-09  2.31787E-11  3.24293E-11
  93  4.99485E+04  2.53081E+03  5.96366E-04  248.287  2.69011E-09  1.96957E-11  1.86004E-11
  94  5.25931E+04  2.75830E+03  4.15277E-04  242.882  2.08797E-09  1.75185E-11  1.01692E-11
  95  5.54822E+04  3.01986E+03  2.76896E-04  235.784  1.57062E-09  1.53842E-11  5.12323E-12
  96  5.86581E+04  3.33198E+03  1.74804E-04  227.254  1.13559E-09  1.24084E-11  2.66148E-12
  97  6.21897E+04  3.73116E+03  1.02713E-04  217.367  7.81726E-10  7.83799E-12  1.38181E-12
  98  6.61801E+04  4.24960E+03  5.47147E-05  205.826  5.01383E-10  3.91050E-12  5.79166E-13
  99  7.08125E+04  5.01523E+03  2.53192E-05  193.979  2.90674E-10  1.92898E-12  1.74925E-13
 100  7.65021E+04  6.36394E+03  9.36807E-06  182.781  1.43502E-10  1.10160E-12  1.23211E-13
