! Profile created using TESTLAY
! lat= 45.000, lon=  0.000, 1100mb alt(m)=-6.89000E+02
! input=myp16                                                                 
! Input altitudes: not supplied; calculated instead                     
! Input mixing ratios treated as relative to: dry air                   
! H2O saturation: checked & corrected if needed                         
! no altitude(m)  thickness(m) pressure(atm) temp(K) "fixed" amnt  water amnt   ozone amnt
! -- ------------ ------------ ------------ -------- ------------ ------------ ------------
regression profile 16                   
   1 -5.62638E+02  2.52723E+02  1.07120E+00  315.231  3.57721E-07  6.11218E-05  1.77382E-11
   2 -3.09509E+02  2.53535E+02  1.04269E+00  312.575  3.53843E-07  5.59065E-05  1.75460E-11
   3 -5.55837E+01  2.54315E+02  1.01458E+00  309.885  3.49914E-07  5.07637E-05  1.73511E-11
   4  1.99105E+02  2.55062E+02  9.86866E-01  307.158  3.45932E-07  4.56961E-05  1.71537E-11
   5  4.54524E+02  2.55776E+02  9.59551E-01  304.394  3.41905E-07  4.07069E-05  1.69540E-11
   6  7.10638E+02  2.56452E+02  9.32636E-01  301.593  3.37828E-07  3.57979E-05  1.67518E-11
   7  9.67418E+02  2.57109E+02  9.06124E-01  298.754  3.33674E-07  3.11223E-05  1.65458E-11
   8  1.22487E+03  2.57797E+02  8.80018E-01  295.876  3.29319E-07  2.72100E-05  1.63299E-11
   9  1.48300E+03  2.58453E+02  8.54320E-01  292.959  3.24906E-07  2.34513E-05  1.61111E-11
  10  1.74202E+03  2.59598E+02  8.29031E-01  290.562  3.20409E-07  1.99694E-05  1.59971E-11
  11  2.00258E+03  2.61521E+02  8.04152E-01  288.983  3.15808E-07  1.68629E-05  1.60379E-11
  12  2.26507E+03  2.63459E+02  7.79685E-01  287.390  3.11175E-07  1.38192E-05  1.60730E-11
  13  2.52950E+03  2.65404E+02  7.55633E-01  285.776  3.06509E-07  1.08359E-05  1.61053E-11
  14  2.79589E+03  2.67362E+02  7.31995E-01  284.140  3.01819E-07  7.91511E-06  1.61335E-11
  15  3.06423E+03  2.69321E+02  7.08772E-01  282.481  2.97098E-07  5.05849E-06  1.61535E-11
  16  3.33464E+03  2.71500E+02  6.85965E-01  280.931  2.92209E-07  2.90805E-06  1.62694E-11
  17  3.60753E+03  2.74283E+02  6.63575E-01  279.727  2.86908E-07  2.54755E-06  1.66572E-11
  18  3.88324E+03  2.77136E+02  6.41602E-01  278.525  2.81577E-07  2.29584E-06  1.70478E-11
  19  4.16182E+03  2.80023E+02  6.20048E-01  277.305  2.76237E-07  2.04898E-06  1.74218E-11
  20  4.44331E+03  2.82958E+02  5.98911E-01  276.067  2.70898E-07  1.80707E-06  1.77783E-11
  21  4.72775E+03  2.85930E+02  5.78193E-01  274.811  2.65555E-07  1.57020E-06  1.81169E-11
  22  5.01519E+03  2.88944E+02  5.57892E-01  273.536  2.60211E-07  1.33851E-06  1.84375E-11
  23  5.30566E+03  2.92002E+02  5.38010E-01  272.243  2.54871E-07  1.11209E-06  1.87401E-11
  24  5.59922E+03  2.95106E+02  5.18545E-01  270.929  2.49537E-07  8.91138E-07  1.90245E-11
  25  5.89589E+03  2.98245E+02  4.99496E-01  269.587  2.44206E-07  6.78202E-07  1.92961E-11
  26  6.19555E+03  3.01067E+02  4.80864E-01  267.888  2.38864E-07  5.65238E-07  1.97680E-11
  27  6.49795E+03  3.03725E+02  4.62647E-01  265.983  2.33521E-07  5.04276E-07  2.03279E-11
  28  6.80301E+03  3.06400E+02  4.44844E-01  264.047  2.28192E-07  4.44887E-07  2.08578E-11
  29  7.11076E+03  3.09096E+02  4.27454E-01  262.080  2.22877E-07  3.87016E-07  2.13585E-11
  30  7.42121E+03  3.11816E+02  4.10475E-01  260.084  2.17583E-07  3.30753E-07  2.18315E-11
  31  7.73441E+03  3.14583E+02  3.93906E-01  258.082  2.12303E-07  2.79098E-07  2.22278E-11
  32  8.05047E+03  3.17536E+02  3.77746E-01  256.173  2.07046E-07  2.43443E-07  2.23716E-11
  33  8.36951E+03  3.20535E+02  3.61993E-01  254.249  2.01810E-07  2.10752E-07  2.24639E-11
  34  8.69156E+03  3.23564E+02  3.46643E-01  252.293  1.96602E-07  1.79030E-07  2.25361E-11
  35  9.01665E+03  3.26614E+02  3.31696E-01  250.300  1.91419E-07  1.48335E-07  2.25887E-11
  36  9.34480E+03  3.29697E+02  3.17149E-01  248.273  1.86270E-07  1.18640E-07  2.26216E-11
  37  9.67605E+03  3.32803E+02  3.03000E-01  246.209  1.81151E-07  8.99423E-08  2.26336E-11
  38  1.00101E+04  3.35274E+02  2.89245E-01  243.630  1.76066E-07  7.08746E-08  2.27445E-11
  39  1.03463E+04  3.37061E+02  2.75882E-01  240.517  1.71014E-07  6.09856E-08  2.29475E-11
  40  1.06842E+04  3.38793E+02  2.62908E-01  237.346  1.66001E-07  5.14327E-08  2.31204E-11
  41  1.10238E+04  3.40496E+02  2.50320E-01  234.136  1.61029E-07  4.22934E-08  2.32666E-11
  42  1.13656E+04  3.42956E+02  2.38115E-01  231.413  1.56100E-07  3.56477E-08  2.34744E-11
  43  1.17099E+04  3.45787E+02  2.26289E-01  228.902  1.51214E-07  3.02503E-08  2.36906E-11
  44  1.20571E+04  3.48621E+02  2.14838E-01  226.343  1.46377E-07  2.50580E-08  2.38712E-11
  45  1.24072E+04  3.51443E+02  2.03759E-01  223.733  1.41587E-07  2.00713E-08  2.40154E-11
  46  1.27602E+04  3.54537E+02  1.93048E-01  221.241  1.36850E-07  1.62388E-08  2.64115E-11
  47  1.31164E+04  3.58028E+02  1.82701E-01  218.941  1.32165E-07  1.38786E-08  3.18265E-11
  48  1.34762E+04  3.61547E+02  1.72713E-01  216.596  1.27534E-07  1.16259E-08  3.69588E-11
  49  1.38395E+04  3.65095E+02  1.63080E-01  214.202  1.22963E-07  9.47048E-09  4.17828E-11
  50  1.42064E+04  3.68653E+02  1.53798E-01  211.758  1.18447E-07  7.41251E-09  4.62962E-11
  51  1.45768E+04  3.72038E+02  1.44861E-01  209.147  1.13996E-07  5.78610E-09  5.44742E-11
  52  1.49503E+04  3.75064E+02  1.36266E-01  206.282  1.09606E-07  4.78305E-09  6.86144E-11
  53  1.53269E+04  3.78059E+02  1.28007E-01  203.353  1.05281E-07  3.78064E-09  8.19642E-11
  54  1.57064E+04  3.81029E+02  1.20078E-01  200.359  1.01024E-07  2.79553E-09  9.44075E-11
  55  1.60889E+04  3.83952E+02  1.12475E-01  197.295  9.68348E-08  1.91288E-09  1.05942E-10
  56  1.64743E+04  3.86829E+02  1.05192E-01  194.158  9.27182E-08  1.25297E-09  1.16570E-10
  57  1.68635E+04  3.91500E+02  9.82241E-02  191.845  8.86703E-08  7.36998E-10  1.31036E-10
  58  1.72617E+04  4.05018E+02  9.15648E-02  193.676  8.46984E-08  6.53323E-10  1.65472E-10
  59  1.76744E+04  4.20410E+02  8.52085E-02  196.097  8.08040E-08  6.22941E-10  1.99886E-10
  60  1.81030E+04  4.36666E+02  7.91492E-02  198.578  7.69858E-08  5.87504E-10  2.31489E-10
  61  1.85483E+04  4.53877E+02  7.33810E-02  201.122  7.32497E-08  5.51129E-10  2.60318E-10
  62  1.90115E+04  4.72619E+02  6.78974E-02  203.955  6.95924E-08  5.33061E-10  3.03029E-10
  63  1.94948E+04  4.93975E+02  6.26921E-02  207.475  6.60208E-08  5.59613E-10  3.85210E-10
  64  2.00002E+04  5.16762E+02  5.77588E-02  211.127  6.25303E-08  5.74789E-10  4.62378E-10
  65  2.05291E+04  5.41082E+02  5.30907E-02  214.884  5.91291E-08  5.66722E-10  5.32076E-10
  66  2.10824E+04  5.65492E+02  4.86812E-02  218.173  5.58132E-08  5.51022E-10  5.93819E-10
  67  2.16583E+04  5.86275E+02  4.45233E-02  219.564  5.25881E-08  5.15723E-10  6.46608E-10
  68  2.22553E+04  6.07893E+02  4.06103E-02  220.825  4.94510E-08  4.80051E-10  6.92284E-10
  69  2.28747E+04  6.30910E+02  3.69352E-02  222.124  4.64055E-08  4.45741E-10  7.31174E-10
  70  2.35179E+04  6.55486E+02  3.34907E-02  223.465  4.34545E-08  4.12808E-10  7.63461E-10
  71  2.41866E+04  6.81773E+02  3.02696E-02  224.860  4.05965E-08  3.80389E-10  7.86791E-10
  72  2.48827E+04  7.10455E+02  2.72647E-02  226.473  3.78330E-08  3.35614E-10  7.63342E-10
  73  2.56086E+04  7.41455E+02  2.44685E-02  228.205  3.51653E-08  2.89658E-10  7.24228E-10
  74  2.63668E+04  7.74869E+02  2.18736E-02  230.003  3.25957E-08  2.50087E-10  6.85425E-10
  75  2.71598E+04  8.11115E+02  1.94725E-02  231.921  3.01234E-08  2.13926E-10  6.41792E-10
  76  2.79909E+04  8.51113E+02  1.72575E-02  234.127  2.77491E-08  1.80990E-10  5.80013E-10
  77  2.88638E+04  8.94668E+02  1.52211E-02  236.444  2.54749E-08  1.51472E-10  5.19923E-10
  78  2.97822E+04  9.42121E+02  1.33555E-02  238.858  2.33000E-08  1.34794E-10  4.63578E-10
  79  3.07503E+04  9.94035E+02  1.16530E-02  241.375  2.12262E-08  1.22796E-10  4.10955E-10
  80  3.17728E+04  1.05111E+03  1.01058E-02  244.038  1.92522E-08  1.11623E-10  3.61182E-10
  81  3.28564E+04  1.11600E+03  8.70622E-03  247.250  1.73804E-08  1.03889E-10  3.05911E-10
  82  3.40086E+04  1.18849E+03  7.44631E-03  250.748  1.56097E-08  9.70577E-11  2.53105E-10
  83  3.52330E+04  1.26025E+03  6.31828E-03  252.669  1.39403E-08  8.63148E-11  2.05735E-10
  84  3.65291E+04  1.33185E+03  5.31441E-03  253.099  1.23704E-08  7.31642E-11  1.63664E-10
  85  3.79084E+04  1.42681E+03  4.42684E-03  256.153  1.09044E-08  7.02962E-11  1.34296E-10
  86  3.93944E+04  1.54512E+03  3.64782E-03  261.377  9.53580E-09  7.11040E-11  1.13302E-10
  87  4.10062E+04  1.67857E+03  2.96971E-03  266.613  8.26838E-09  6.64604E-11  9.46915E-11
  88  4.27545E+04  1.81798E+03  2.38479E-03  270.070  7.09974E-09  5.14413E-11  7.95438E-11
  89  4.46459E+04  1.96479E+03  1.88548E-03  271.810  6.02985E-09  3.69505E-11  6.62267E-11
  90  4.66764E+04  2.09621E+03  1.46427E-03  268.619  5.05615E-09  2.60315E-11  5.44630E-11
  91  4.88462E+04  2.24340E+03  1.11385E-03  264.787  4.17607E-09  2.23136E-11  4.41760E-11
  92  5.11652E+04  2.39464E+03  8.26914E-04  258.425  3.39233E-09  2.07892E-11  3.21568E-11
  93  5.36376E+04  2.55015E+03  5.96366E-04  249.678  2.69725E-09  1.96748E-11  2.03713E-11
  94  5.62657E+04  2.70604E+03  4.15277E-04  237.918  2.09350E-09  1.75619E-11  1.21712E-11
  95  5.90424E+04  2.84732E+03  2.76896E-04  222.070  1.57473E-09  1.47405E-11  6.88938E-12
  96  6.19619E+04  2.99169E+03  1.74804E-04  203.992  1.13848E-09  1.14998E-11  3.39721E-12
  97  6.50370E+04  3.15857E+03  1.02713E-04  183.971  7.83608E-10  7.80326E-12  1.61009E-12
  98  6.83870E+04  3.54145E+03  5.47147E-05  171.184  5.02390E-10  4.96044E-12  5.61015E-13
  99  7.22381E+04  4.16067E+03  2.53192E-05  160.716  2.90642E-10  2.71961E-12  2.62252E-13
 100  7.69137E+04  5.19066E+03  9.36807E-06  149.057  1.43684E-10  1.21734E-12  1.47078E-13
