! Profile created using TESTLAY
! lat=-67.400, lon=  0.000, 1100mb alt(m)=-6.89000E+02
! input=myp26                                                                 
! Input altitudes: not supplied; calculated instead                     
! Input mixing ratios treated as relative to: dry air                   
! H2O saturation: checked & corrected if needed                         
! no altitude(m)  thickness(m) pressure(atm) temp(K) "fixed" amnt  water amnt   ozone amnt
! -- ------------ ------------ ------------ -------- ------------ ------------ ------------
regression profile 26                   
   1 -5.82961E+02  2.12077E+02  1.07120E+00  270.556  3.69800E-07  4.52434E-06  6.51989E-11
   2 -3.69735E+02  2.14376E+02  1.04269E+00  269.890  3.64775E-07  4.41712E-06  6.43129E-11
   3 -1.54194E+02  2.16706E+02  1.01458E+00  269.215  3.59714E-07  4.31014E-06  6.34206E-11
   4  6.37143E+01  2.19111E+02  9.86866E-01  268.586  3.54626E-07  4.16772E-06  6.31708E-11
   5  2.84071E+02  2.21602E+02  9.59551E-01  268.014  3.49520E-07  3.98601E-06  6.36371E-11
   6  5.06930E+02  2.24116E+02  9.32636E-01  267.416  3.44380E-07  3.81546E-06  6.18018E-11
   7  7.32313E+02  2.26650E+02  9.06124E-01  266.782  3.39212E-07  3.66188E-06  5.63664E-11
   8  9.60248E+02  2.29220E+02  8.80018E-01  266.138  3.34018E-07  3.50072E-06  5.20500E-11
   9  1.19077E+03  2.31827E+02  8.54320E-01  265.486  3.28804E-07  3.32424E-06  4.98242E-11
  10  1.42392E+03  2.34463E+02  8.29031E-01  264.807  3.23567E-07  3.15665E-06  4.94402E-11
  11  1.65970E+03  2.37112E+02  8.04152E-01  264.086  3.18306E-07  3.00396E-06  5.21846E-11
  12  1.89817E+03  2.39820E+02  7.79685E-01  263.371  3.13027E-07  2.85982E-06  5.43324E-11
  13  2.13938E+03  2.42594E+02  7.55633E-01  262.673  3.07727E-07  2.72657E-06  5.55717E-11
  14  2.38338E+03  2.45419E+02  7.31995E-01  261.965  3.02416E-07  2.59505E-06  5.67577E-11
  15  2.63024E+03  2.48303E+02  7.08772E-01  261.264  2.97087E-07  2.46488E-06  5.78427E-11
  16  2.88003E+03  2.51275E+02  6.85965E-01  260.592  2.91752E-07  2.33586E-06  5.87682E-11
  17  3.13282E+03  2.54301E+02  6.63575E-01  259.912  2.86406E-07  2.20864E-06  5.96434E-11
  18  3.38866E+03  2.57380E+02  6.41602E-01  259.217  2.81057E-07  2.08520E-06  6.05090E-11
  19  3.64759E+03  2.60487E+02  6.20048E-01  258.488  2.75696E-07  1.97287E-06  6.15063E-11
  20  3.90966E+03  2.63651E+02  5.98911E-01  257.744  2.70335E-07  1.86362E-06  6.24766E-11
  21  4.17493E+03  2.66879E+02  5.78193E-01  256.997  2.64972E-07  1.75726E-06  6.33670E-11
  22  4.44348E+03  2.70224E+02  5.57892E-01  256.290  2.59608E-07  1.66075E-06  6.40178E-11
  23  4.71541E+03  2.73643E+02  5.38010E-01  255.584  2.54246E-07  1.56751E-06  6.45805E-11
  24  4.99080E+03  2.77131E+02  5.18545E-01  254.866  2.48892E-07  1.47629E-06  6.52881E-11
  25  5.26971E+03  2.80682E+02  4.99496E-01  254.130  2.43543E-07  1.38908E-06  6.71871E-11
  26  5.55220E+03  2.84302E+02  4.80864E-01  253.382  2.38204E-07  1.30394E-06  6.92205E-11
  27  5.83835E+03  2.87999E+02  4.62647E-01  252.623  2.32876E-07  1.22247E-06  7.29677E-11
  28  6.12824E+03  2.91775E+02  4.44844E-01  251.855  2.27560E-07  1.14897E-06  8.23180E-11
  29  6.42194E+03  2.95631E+02  4.27454E-01  251.075  2.22258E-07  1.07744E-06  9.17761E-11
  30  6.71956E+03  2.99615E+02  4.10475E-01  250.317  2.16977E-07  1.01061E-06  1.01938E-10
  31  7.02124E+03  3.03731E+02  3.93906E-01  249.587  2.11709E-07  9.48757E-07  1.12897E-10
  32  7.32708E+03  3.07946E+02  3.77746E-01  248.845  2.06468E-07  8.88451E-07  1.23584E-10
  33  7.63718E+03  3.12254E+02  3.61993E-01  248.091  2.01248E-07  8.31116E-07  1.35434E-10
  34  7.95164E+03  3.16665E+02  3.46643E-01  247.324  1.96055E-07  7.75554E-07  1.47203E-10
  35  8.27056E+03  3.21177E+02  3.31696E-01  246.543  1.90888E-07  7.23486E-07  1.58443E-10
  36  8.59405E+03  3.25803E+02  3.17149E-01  245.749  1.85754E-07  6.75898E-07  1.69155E-10
  37  8.92222E+03  3.30542E+02  3.03000E-01  244.947  1.80650E-07  6.23418E-07  1.79888E-10
  38  9.25521E+03  3.35436E+02  2.89245E-01  244.162  1.75590E-07  5.38292E-07  1.93205E-10
  39  9.59316E+03  3.40463E+02  2.75882E-01  243.370  1.70567E-07  4.51181E-07  2.06321E-10
  40  9.93622E+03  3.45666E+02  2.62908E-01  242.593  1.65579E-07  3.80426E-07  2.18714E-10
  41  1.02846E+04  3.51025E+02  2.50320E-01  241.816  1.60629E-07  3.18001E-07  2.30381E-10
  42  1.06383E+04  3.56536E+02  2.38115E-01  241.024  1.55721E-07  2.65287E-07  2.41326E-10
  43  1.09977E+04  3.62196E+02  2.26289E-01  240.217  1.50855E-07  2.20912E-07  2.51539E-10
  44  1.13628E+04  3.68057E+02  2.14838E-01  239.416  1.46037E-07  1.82525E-07  2.61027E-10
  45  1.17339E+04  3.74122E+02  2.03759E-01  238.626  1.41264E-07  1.51078E-07  2.69780E-10
  46  1.21112E+04  3.80379E+02  1.93048E-01  237.825  1.36542E-07  1.24806E-07  2.72742E-10
  47  1.24948E+04  3.86838E+02  1.82701E-01  237.015  1.31873E-07  1.04973E-07  2.68217E-10
  48  1.28850E+04  3.93486E+02  1.72713E-01  236.188  1.27256E-07  8.60127E-08  2.63501E-10
  49  1.32819E+04  4.00353E+02  1.63080E-01  235.345  1.22699E-07  6.79705E-08  2.58640E-10
  50  1.36858E+04  4.07488E+02  1.53798E-01  234.519  1.18196E-07  5.44078E-08  2.52507E-10
  51  1.40970E+04  4.14909E+02  1.44861E-01  233.696  1.13758E-07  4.35001E-08  2.45696E-10
  52  1.45157E+04  4.22569E+02  1.36266E-01  232.855  1.09381E-07  3.31168E-08  2.38864E-10
  53  1.49423E+04  4.30512E+02  1.28007E-01  232.008  1.05067E-07  2.44353E-08  2.33822E-10
  54  1.53769E+04  4.38826E+02  1.20078E-01  231.186  1.00821E-07  1.97480E-08  2.34097E-10
  55  1.58201E+04  4.47439E+02  1.12475E-01  230.348  9.66428E-08  1.55497E-08  2.34310E-10
  56  1.62720E+04  4.56384E+02  1.05192E-01  229.494  9.25365E-08  1.17717E-08  2.33302E-10
  57  1.67330E+04  4.65693E+02  9.82241E-02  228.641  8.84988E-08  9.55422E-09  2.26562E-10
  58  1.72036E+04  4.75389E+02  9.15648E-02  227.772  8.45382E-08  7.72303E-09  2.18749E-10
  59  1.76839E+04  4.85344E+02  8.52085E-02  226.828  8.06525E-08  6.03269E-09  2.11932E-10
  60  1.81740E+04  4.94844E+02  7.91492E-02  225.474  7.68434E-08  4.69741E-09  2.11714E-10
  61  1.86737E+04  5.04535E+02  7.33810E-02  224.006  7.31150E-08  3.49360E-09  2.12285E-10
  62  1.91835E+04  5.15109E+02  6.78974E-02  222.721  6.94664E-08  2.47823E-09  2.17796E-10
  63  1.97050E+04  5.27859E+02  6.26921E-02  222.135  6.59018E-08  1.87766E-09  2.39609E-10
  64  2.02396E+04  5.41330E+02  5.77588E-02  221.591  6.24183E-08  1.34461E-09  2.60341E-10
  65  2.07882E+04  5.55775E+02  5.30907E-02  221.145  5.90233E-08  9.55917E-10  2.74991E-10
  66  2.13516E+04  5.71172E+02  4.86812E-02  220.775  5.57137E-08  6.75061E-10  2.84822E-10
  67  2.19310E+04  5.87482E+02  4.45233E-02  220.421  5.24945E-08  4.54661E-10  2.99374E-10
  68  2.25272E+04  6.04926E+02  4.06103E-02  220.151  4.93630E-08  3.80826E-10  3.33071E-10
  69  2.31414E+04  6.23486E+02  3.69352E-02  219.914  4.63229E-08  3.26284E-10  3.62337E-10
  70  2.37752E+04  6.44141E+02  3.34907E-02  220.000  4.33770E-08  3.06522E-10  3.69882E-10
  71  2.44304E+04  6.66338E+02  3.02696E-02  220.173  4.05240E-08  2.94793E-10  3.70850E-10
  72  2.51086E+04  6.89977E+02  2.72647E-02  220.353  3.77651E-08  2.82847E-10  3.69974E-10
  73  2.58113E+04  7.15441E+02  2.44685E-02  220.608  3.51018E-08  2.69741E-10  3.70907E-10
  74  2.65411E+04  7.44180E+02  2.18736E-02  221.304  3.25366E-08  2.50972E-10  3.90430E-10
  75  2.73009E+04  7.75314E+02  1.94725E-02  222.101  3.00684E-08  2.31933E-10  4.08830E-10
  76  2.80930E+04  8.08889E+02  1.72575E-02  222.933  2.76984E-08  2.13716E-10  4.22547E-10
  77  2.89211E+04  8.47451E+02  1.52211E-02  224.384  2.54277E-08  2.05038E-10  4.32985E-10
  78  2.97904E+04  8.91098E+02  1.33555E-02  226.346  2.32566E-08  2.02128E-10  4.39806E-10
  79  3.07053E+04  9.38785E+02  1.16530E-02  228.392  2.11863E-08  1.97975E-10  4.42092E-10
  80  3.16699E+04  9.90340E+02  1.01058E-02  230.376  1.92155E-08  1.88460E-10  4.13942E-10
  81  3.26884E+04  1.04657E+03  8.70622E-03  232.328  1.73471E-08  1.75444E-10  3.66612E-10
  82  3.37664E+04  1.10948E+03  7.44631E-03  234.539  1.55794E-08  1.61467E-10  3.22723E-10
  83  3.49147E+04  1.18712E+03  6.31828E-03  238.421  1.39128E-08  1.38566E-10  2.83207E-10
  84  3.61462E+04  1.27600E+03  5.31441E-03  242.907  1.23459E-08  1.15617E-10  2.46913E-10
  85  3.74728E+04  1.37707E+03  4.42684E-03  247.717  1.08826E-08  9.58598E-11  2.15085E-10
  86  3.89072E+04  1.49184E+03  3.64782E-03  252.873  9.51653E-09  7.87879E-11  1.86826E-10
  87  4.04632E+04  1.62007E+03  2.96971E-03  257.841  8.25154E-09  6.53601E-11  1.55744E-10
  88  4.21551E+04  1.76376E+03  2.38479E-03  262.524  7.08517E-09  5.50388E-11  1.23070E-10
  89  4.39949E+04  1.91578E+03  1.88548E-03  265.506  6.01736E-09  4.51421E-11  9.47536E-11
  90  4.59938E+04  2.08220E+03  1.46427E-03  267.273  5.04560E-09  3.68536E-11  7.10145E-11
  91  4.81694E+04  2.26895E+03  1.11385E-03  268.246  4.16736E-09  3.30295E-11  5.29606E-11
  92  5.05386E+04  2.46930E+03  8.26914E-04  266.893  3.38532E-09  2.90571E-11  3.61779E-11
  93  5.31170E+04  2.68751E+03  5.96366E-04  263.500  2.69175E-09  2.46551E-11  2.16764E-11
  94  5.59244E+04  2.92732E+03  4.15277E-04  257.603  2.08934E-09  1.90723E-11  1.47163E-11
  95  5.89889E+04  3.20164E+03  2.76896E-04  249.809  1.57174E-09  1.34973E-11  1.01818E-11
  96  6.23539E+04  3.52834E+03  1.74804E-04  240.474  1.13646E-09  8.55821E-12  5.05510E-12
  97  6.60906E+04  3.94509E+03  1.02713E-04  229.658  7.82375E-10  6.60875E-12  2.10234E-12
  98  7.03061E+04  4.48602E+03  5.47147E-05  217.090  5.01834E-10  5.49817E-12  9.37726E-13
  99  7.52019E+04  5.30558E+03  2.53192E-05  204.959  2.90958E-10  3.20579E-12  4.22341E-13
 100  8.12325E+04  6.75553E+03  9.36807E-06  193.761  1.43656E-10  1.60139E-12  1.56723E-13
