! Profile created using TESTLAY
! lat= 71.390, lon=  0.000, 1100mb alt(m)=-6.89000E+02
! input=myp30                                                                 
! Input altitudes: not supplied; calculated instead                     
! Input mixing ratios treated as relative to: dry air                   
! H2O saturation: checked & corrected if needed                         
! no altitude(m)  thickness(m) pressure(atm) temp(K) "fixed" amnt  water amnt   ozone amnt
! -- ------------ ------------ ------------ -------- ------------ ------------ ------------
regression profile 30                   
   1 -5.90443E+02  1.97115E+02  1.07120E+00  251.854  3.70504E-07  1.00321E-06  4.89922E-11
   2 -3.91698E+02  2.00374E+02  1.04269E+00  252.638  3.65435E-07  1.08762E-06  4.83220E-11
   3 -1.89657E+02  2.03708E+02  1.01458E+00  253.431  3.60331E-07  1.17050E-06  4.76471E-11
   4  1.63001E+01  2.08205E+02  9.86866E-01  255.538  3.55141E-07  1.48053E-06  4.78240E-11
   5  2.27440E+02  2.14075E+02  9.59551E-01  259.164  3.49867E-07  2.04336E-06  4.89498E-11
   6  4.44158E+02  2.19360E+02  9.32636E-01  261.937  3.44577E-07  2.54111E-06  5.00432E-11
   7  6.65618E+02  2.23561E+02  9.06124E-01  263.287  3.39285E-07  2.94030E-06  5.10995E-11
   8  8.90963E+02  2.27129E+02  8.80018E-01  263.822  3.34014E-07  3.12283E-06  5.22852E-11
   9  1.11924E+03  2.29417E+02  8.54320E-01  262.841  3.28808E-07  2.91709E-06  5.37356E-11
  10  1.34967E+03  2.31457E+02  8.29031E-01  261.554  3.23624E-07  2.52020E-06  5.51564E-11
  11  1.58194E+03  2.33071E+02  8.04152E-01  259.790  3.18492E-07  1.80276E-06  5.65444E-11
  12  1.81586E+03  2.34783E+02  7.79685E-01  258.087  3.13294E-07  1.30097E-06  5.77272E-11
  13  2.05158E+03  2.36655E+02  7.55633E-01  256.500  3.08009E-07  1.10668E-06  5.86403E-11
  14  2.28918E+03  2.38542E+02  7.31995E-01  254.890  3.02711E-07  9.18362E-07  5.95102E-11
  15  2.52863E+03  2.40362E+02  7.08772E-01  253.180  2.97388E-07  7.70515E-07  6.03656E-11
  16  2.76983E+03  2.42032E+02  6.85965E-01  251.272  2.92039E-07  7.05365E-07  6.12394E-11
  17  3.01269E+03  2.43693E+02  6.63575E-01  249.329  2.86678E-07  6.44220E-07  6.20691E-11
  18  3.25721E+03  2.45344E+02  6.41602E-01  247.350  2.81317E-07  5.77292E-07  6.28538E-11
  19  3.50335E+03  2.46937E+02  6.20048E-01  245.299  2.75953E-07  4.77228E-07  6.35924E-11
  20  3.75108E+03  2.48521E+02  5.98911E-01  243.211  2.70591E-07  3.74488E-07  6.42844E-11
  21  4.00044E+03  2.50202E+02  5.78193E-01  241.196  2.65227E-07  2.79721E-07  6.49263E-11
  22  4.25189E+03  2.52695E+02  5.57892E-01  239.921  2.59852E-07  2.27963E-07  6.55096E-11
  23  4.50593E+03  2.55389E+02  5.38010E-01  238.788  2.54479E-07  1.85730E-07  6.60416E-11
  24  4.76270E+03  2.58147E+02  5.18545E-01  237.657  2.49114E-07  1.47101E-07  6.72115E-11
  25  5.02232E+03  2.61097E+02  4.99496E-01  236.644  2.43750E-07  1.26020E-07  7.27295E-11
  26  5.28493E+03  2.64125E+02  4.80864E-01  235.639  2.38396E-07  1.08462E-07  7.88522E-11
  27  5.55054E+03  2.67094E+02  4.62647E-01  234.523  2.33053E-07  9.05804E-08  8.66656E-11
  28  5.81896E+03  2.69750E+02  4.44844E-01  233.077  2.27726E-07  7.07488E-08  1.00272E-10
  29  6.09004E+03  2.72410E+02  4.27454E-01  231.583  2.22412E-07  5.12846E-08  1.13870E-10
  30  6.36386E+03  2.75230E+02  4.10475E-01  230.170  2.17119E-07  3.48039E-08  1.28029E-10
  31  6.64060E+03  2.78233E+02  3.93906E-01  228.856  2.11842E-07  2.15504E-08  1.42841E-10
  32  6.92038E+03  2.81330E+02  3.77746E-01  227.556  2.06590E-07  9.58422E-09  1.56759E-10
  33  7.20351E+03  2.84929E+02  3.61993E-01  226.594  2.01358E-07  6.78627E-09  1.66864E-10
  34  7.49034E+03  2.88729E+02  3.46643E-01  225.714  1.96153E-07  6.40579E-09  1.75641E-10
  35  7.78091E+03  2.92422E+02  3.31696E-01  224.677  1.90975E-07  5.73736E-09  1.84833E-10
  36  8.07508E+03  2.95915E+02  3.17149E-01  223.409  1.85830E-07  4.65149E-09  1.94820E-10
  37  8.37281E+03  2.99546E+02  3.03000E-01  222.176  1.80714E-07  3.66406E-09  2.06526E-10
  38  8.67445E+03  3.03731E+02  2.89245E-01  221.272  1.75636E-07  3.08401E-09  2.30156E-10
  39  8.98037E+03  3.08102E+02  2.75882E-01  220.414  1.70593E-07  2.58545E-09  2.54626E-10
  40  9.29082E+03  3.12801E+02  2.62908E-01  219.695  1.65590E-07  2.18019E-09  2.77872E-10
  41  9.60608E+03  3.17724E+02  2.50320E-01  219.034  1.60627E-07  1.82265E-09  2.99905E-10
  42  9.92674E+03  3.23604E+02  2.38115E-01  218.910  1.55708E-07  1.56949E-09  3.26046E-10
  43  1.02537E+04  3.30399E+02  2.26289E-01  219.271  1.50833E-07  1.40378E-09  3.55289E-10
  44  1.05877E+04  3.37442E+02  2.14838E-01  219.641  1.46007E-07  1.29395E-09  3.82002E-10
  45  1.09288E+04  3.44739E+02  2.03759E-01  220.021  1.41228E-07  1.25121E-09  4.05982E-10
  46  1.12770E+04  3.51849E+02  1.93048E-01  220.124  1.36501E-07  1.20933E-09  4.37390E-10
  47  1.16323E+04  3.58554E+02  1.82701E-01  219.822  1.31827E-07  1.16793E-09  4.79261E-10
  48  1.19943E+04  3.65479E+02  1.72713E-01  219.510  1.27209E-07  1.12701E-09  5.18544E-10
  49  1.23633E+04  3.72651E+02  1.63080E-01  219.190  1.22649E-07  1.08736E-09  5.55276E-10
  50  1.27396E+04  3.79967E+02  1.53798E-01  218.809  1.18145E-07  1.08150E-09  5.95000E-10
  51  1.31234E+04  3.87504E+02  1.44861E-01  218.389  1.13705E-07  1.09280E-09  6.34899E-10
  52  1.35148E+04  3.95306E+02  1.36266E-01  217.960  1.09327E-07  1.10175E-09  6.71617E-10
  53  1.39141E+04  4.03369E+02  1.28007E-01  217.508  1.05013E-07  1.08668E-09  7.05176E-10
  54  1.43216E+04  4.11669E+02  1.20078E-01  217.007  1.00768E-07  1.00531E-09  7.35617E-10
  55  1.47376E+04  4.20274E+02  1.12475E-01  216.492  9.65898E-08  9.22342E-10  7.62923E-10
  56  1.51623E+04  4.29194E+02  1.05192E-01  215.951  9.24843E-08  8.39271E-10  7.86284E-10
  57  1.55961E+04  4.38253E+02  9.82241E-02  215.298  8.84483E-08  7.36078E-10  8.00677E-10
  58  1.60390E+04  4.47638E+02  9.15648E-02  214.609  8.44879E-08  6.33373E-10  8.11323E-10
  59  1.64916E+04  4.57537E+02  8.52085E-02  213.962  8.06041E-08  5.43288E-10  8.20289E-10
  60  1.69548E+04  4.68789E+02  7.91492E-02  213.730  7.67963E-08  5.07745E-10  8.32251E-10
  61  1.74295E+04  4.80760E+02  7.33810E-02  213.579  7.30692E-08  4.83103E-10  8.42428E-10
  62  1.79166E+04  4.93309E+02  6.78974E-02  213.428  6.94228E-08  4.62153E-10  8.46541E-10
  63  1.84165E+04  5.06506E+02  6.26921E-02  213.283  6.58600E-08  4.51392E-10  8.38185E-10
  64  1.89299E+04  5.20346E+02  5.77588E-02  213.140  6.23773E-08  4.40974E-10  8.27376E-10
  65  1.94585E+04  5.36793E+02  5.30907E-02  213.722  5.89845E-08  4.44715E-10  8.33268E-10
  66  2.00047E+04  5.55629E+02  4.86812E-02  214.898  5.56768E-08  4.57627E-10  8.49625E-10
  67  2.05699E+04  5.74787E+02  4.45233E-02  215.797  5.24597E-08  4.69207E-10  8.60431E-10
  68  2.11533E+04  5.92094E+02  4.06103E-02  215.626  4.93298E-08  4.82354E-10  8.62837E-10
  69  2.17544E+04  6.10102E+02  3.69352E-02  215.340  4.62915E-08  4.88541E-10  8.58275E-10
  70  2.23739E+04  6.28869E+02  3.34907E-02  214.936  4.33472E-08  4.52756E-10  8.22383E-10
  71  2.30127E+04  6.48678E+02  3.02696E-02  214.490  4.04962E-08  4.08933E-10  7.79527E-10
  72  2.36719E+04  6.69697E+02  2.72647E-02  214.030  3.77391E-08  3.67561E-10  7.37279E-10
  73  2.43528E+04  6.92104E+02  2.44685E-02  213.568  3.50774E-08  3.26995E-10  6.96343E-10
  74  2.50570E+04  7.16346E+02  2.18736E-02  213.189  3.25135E-08  2.79640E-10  6.59834E-10
  75  2.57863E+04  7.42318E+02  1.94725E-02  212.812  3.00470E-08  2.34434E-10  6.24173E-10
  76  2.65426E+04  7.70145E+02  1.72575E-02  212.422  2.76782E-08  1.93130E-10  5.88780E-10
  77  2.73280E+04  8.00770E+02  1.52211E-02  212.201  2.54089E-08  1.73076E-10  5.59953E-10
  78  2.81456E+04  8.34342E+02  1.33555E-02  212.113  2.32389E-08  1.66629E-10  5.35052E-10
  79  2.89981E+04  8.70732E+02  1.16530E-02  212.024  2.11699E-08  1.59744E-10  5.09084E-10
  80  2.98895E+04  9.11979E+02  1.01058E-02  212.331  1.92002E-08  1.57651E-10  4.65444E-10
  81  3.08247E+04  9.58547E+02  8.70622E-03  212.979  1.73327E-08  1.58232E-10  4.11332E-10
  82  3.18090E+04  1.00996E+03  7.44631E-03  213.706  1.55661E-08  1.55172E-10  3.61903E-10
  83  3.28485E+04  1.06897E+03  6.31828E-03  214.919  1.39005E-08  1.34615E-10  3.23078E-10
  84  3.39505E+04  1.13504E+03  5.31441E-03  216.311  1.23345E-08  1.12112E-10  2.88121E-10
  85  3.51232E+04  1.21048E+03  4.42684E-03  218.002  1.08720E-08  9.27711E-11  2.50740E-10
  86  3.63765E+04  1.29617E+03  3.64782E-03  219.977  9.50669E-09  7.60875E-11  2.12961E-10
  87  3.77205E+04  1.39166E+03  2.96971E-03  221.773  8.24253E-09  6.41470E-11  1.58515E-10
  88  3.91656E+04  1.49853E+03  2.38479E-03  223.353  7.07685E-09  5.61097E-11  9.30924E-11
  89  4.07268E+04  1.62400E+03  1.88548E-03  225.340  6.00978E-09  4.73765E-11  6.90175E-11
  90  4.24247E+04  1.77180E+03  1.46427E-03  227.707  5.03878E-09  3.99879E-11  6.36496E-11
  91  4.42843E+04  1.94738E+03  1.11385E-03  230.509  4.16132E-09  3.84461E-11  5.58627E-11
  92  4.63388E+04  2.16155E+03  8.26914E-04  233.828  3.38008E-09  3.51378E-11  4.17089E-11
  93  4.86299E+04  2.42071E+03  5.96366E-04  237.535  2.68734E-09  3.01608E-11  2.59625E-11
  94  5.11934E+04  2.70625E+03  4.15277E-04  238.367  2.08576E-09  2.11538E-11  1.54078E-11
  95  5.40665E+04  3.04000E+03  2.76896E-04  237.389  1.56894E-09  1.27385E-11  8.48239E-12
  96  5.73112E+04  3.44934E+03  1.74804E-04  235.215  1.13440E-09  7.53740E-12  4.56106E-12
  97  6.10338E+04  3.99593E+03  1.02713E-04  232.608  7.80951E-10  4.97977E-12  2.09237E-12
  98  6.53999E+04  4.73629E+03  5.47147E-05  229.140  5.00940E-10  3.73280E-12  8.48892E-13
  99  7.06055E+04  5.67476E+03  2.53192E-05  219.529  2.90467E-10  2.73240E-12  3.37253E-13
 100  7.70702E+04  7.25473E+03  9.36807E-06  208.331  1.43432E-10  1.38802E-12  1.81177E-13
