! Profile created using TESTLAY
! lat= 63.620, lon=  0.000, 1100mb alt(m)=-6.89000E+02
! input=myp27                                                                 
! Input altitudes: not supplied; calculated instead                     
! Input mixing ratios treated as relative to: dry air                   
! H2O saturation: checked & corrected if needed                         
! no altitude(m)  thickness(m) pressure(atm) temp(K) "fixed" amnt  water amnt   ozone amnt
! -- ------------ ------------ ------------ -------- ------------ ------------ ------------
regression profile 27                   
   1 -5.80460E+02  2.17079E+02  1.07120E+00  276.838  3.69838E-07  4.78750E-06  3.24259E-11
   2 -3.62360E+02  2.19122E+02  1.04269E+00  275.761  3.64800E-07  4.73298E-06  3.24448E-11
   3 -1.42206E+02  2.21185E+02  1.01458E+00  274.669  3.59727E-07  4.67785E-06  3.24540E-11
   4  8.00212E+01  2.23269E+02  9.86866E-01  273.563  3.54619E-07  4.62210E-06  3.24530E-11
   5  3.04343E+02  2.25374E+02  9.59551E-01  272.442  3.49483E-07  4.56583E-06  3.24423E-11
   6  5.30668E+02  2.27277E+02  9.32636E-01  271.051  3.44336E-07  4.42081E-06  3.24226E-11
   7  7.58724E+02  2.28834E+02  9.06124E-01  269.232  3.39197E-07  4.13689E-06  3.23948E-11
   8  9.88326E+02  2.30369E+02  8.80018E-01  267.369  3.34038E-07  3.81498E-06  3.26719E-11
   9  1.21945E+03  2.31872E+02  8.54320E-01  265.458  3.28871E-07  3.42467E-06  3.35161E-11
  10  1.45215E+03  2.33530E+02  8.29031E-01  263.706  3.23700E-07  2.95576E-06  3.41889E-11
  11  1.68665E+03  2.35473E+02  8.04152E-01  262.265  3.18541E-07  2.34786E-06  3.45554E-11
  12  1.92311E+03  2.37444E+02  7.79685E-01  260.804  3.13330E-07  1.89509E-06  3.47440E-11
  13  2.16155E+03  2.39439E+02  7.55633E-01  259.313  3.08050E-07  1.66025E-06  3.46990E-11
  14  2.40200E+03  2.41452E+02  7.31995E-01  257.800  3.02760E-07  1.43128E-06  3.46399E-11
  15  2.64442E+03  2.43388E+02  7.08772E-01  256.175  2.97448E-07  1.21976E-06  3.44781E-11
  16  2.88868E+03  2.45145E+02  6.85965E-01  254.326  2.92122E-07  1.04098E-06  3.41131E-11
  17  3.13470E+03  2.46896E+02  6.63575E-01  252.442  2.86785E-07  8.66733E-07  3.37342E-11
  18  3.38247E+03  2.48639E+02  6.41602E-01  250.521  2.81442E-07  7.00350E-07  3.33490E-11
  19  3.63195E+03  2.50325E+02  6.20048E-01  248.519  2.76085E-07  5.58880E-07  3.29565E-11
  20  3.88312E+03  2.52004E+02  5.98911E-01  246.479  2.70728E-07  4.23560E-07  3.25581E-11
  21  4.13595E+03  2.53667E+02  5.78193E-01  244.401  2.65367E-07  2.99392E-07  3.21530E-11
  22  4.39042E+03  2.55268E+02  5.57892E-01  242.233  2.59993E-07  2.36323E-07  3.17393E-11
  23  4.64648E+03  2.56845E+02  5.38010E-01  240.020  2.54620E-07  1.86604E-07  3.13193E-11
  24  4.90411E+03  2.58431E+02  5.18545E-01  237.792  2.49252E-07  1.39254E-07  3.22093E-11
  25  5.16340E+03  2.60147E+02  4.99496E-01  235.660  2.43889E-07  1.00497E-07  4.15190E-11
  26  5.42442E+03  2.61882E+02  4.80864E-01  233.519  2.38537E-07  6.41049E-08  5.20778E-11
  27  5.68722E+03  2.63731E+02  4.62647E-01  231.453  2.33194E-07  3.41566E-08  6.16117E-11
  28  5.95208E+03  2.65986E+02  4.44844E-01  229.707  2.27861E-07  2.23288E-08  6.86366E-11
  29  6.21922E+03  2.68288E+02  4.27454E-01  227.960  2.22543E-07  1.21747E-08  7.52363E-11
  30  6.48863E+03  2.70532E+02  4.10475E-01  226.123  2.17245E-07  6.45799E-09  8.30598E-11
  31  6.76024E+03  2.72696E+02  3.93906E-01  224.184  2.11961E-07  5.58703E-09  9.22452E-11
  32  7.03402E+03  2.74855E+02  3.77746E-01  222.202  2.06703E-07  4.76992E-09  1.00756E-10
  33  7.30989E+03  2.76877E+02  3.61993E-01  220.076  2.01467E-07  4.11503E-09  1.05678E-10
  34  7.58775E+03  2.78855E+02  3.46643E-01  217.884  1.96259E-07  3.51618E-09  1.09494E-10
  35  7.86784E+03  2.81326E+02  3.31696E-01  216.037  1.91077E-07  2.98916E-09  1.13090E-10
  36  8.15080E+03  2.84581E+02  3.17149E-01  214.740  1.85928E-07  2.55774E-09  1.16465E-10
  37  8.43712E+03  2.88065E+02  3.03000E-01  213.547  1.80810E-07  2.15619E-09  1.19055E-10
  38  8.72744E+03  2.92581E+02  2.89245E-01  213.037  1.75727E-07  1.85348E-09  1.18303E-10
  39  9.02243E+03  2.97392E+02  2.75882E-01  212.640  1.70683E-07  1.58054E-09  1.16980E-10
  40  9.32244E+03  3.02629E+02  2.62908E-01  212.438  1.65677E-07  1.46782E-09  1.15598E-10
  41  9.62783E+03  3.08151E+02  2.50320E-01  212.324  1.60709E-07  1.42381E-09  1.14155E-10
  42  9.93893E+03  3.14057E+02  2.38115E-01  212.345  1.55787E-07  1.38020E-09  1.12658E-10
  43  1.02561E+04  3.20338E+02  2.26289E-01  212.488  1.50909E-07  1.33698E-09  1.11104E-10
  44  1.05797E+04  3.26835E+02  2.14838E-01  212.631  1.46080E-07  1.29420E-09  1.09497E-10
  45  1.09099E+04  3.33550E+02  2.03759E-01  212.774  1.41299E-07  1.25184E-09  1.07833E-10
  46  1.12469E+04  3.40495E+02  1.93048E-01  212.912  1.36569E-07  1.20994E-09  1.16901E-10
  47  1.15910E+04  3.47672E+02  1.82701E-01  213.043  1.31892E-07  1.16850E-09  1.40316E-10
  48  1.19424E+04  3.55112E+02  1.72713E-01  213.176  1.27271E-07  1.12756E-09  1.62516E-10
  49  1.23014E+04  3.62845E+02  1.63080E-01  213.316  1.22709E-07  1.08636E-09  1.83379E-10
  50  1.26684E+04  3.71146E+02  1.53798E-01  213.622  1.18202E-07  1.01050E-09  2.02893E-10
  51  1.30439E+04  3.79955E+02  1.44861E-01  214.028  1.13760E-07  9.17712E-10  2.21072E-10
  52  1.34285E+04  3.89122E+02  1.36266E-01  214.443  1.09380E-07  8.28523E-10  2.37912E-10
  53  1.38223E+04  3.98557E+02  1.28007E-01  214.808  1.05063E-07  7.49276E-10  2.54418E-10
  54  1.42256E+04  4.08055E+02  1.20078E-01  214.997  1.00816E-07  6.92346E-10  2.72563E-10
  55  1.46386E+04  4.17928E+02  1.12475E-01  215.177  9.66360E-08  6.38858E-10  2.89354E-10
  56  1.50617E+04  4.28254E+02  1.05192E-01  215.372  9.25281E-08  5.99349E-10  3.08500E-10
  57  1.54954E+04  4.39178E+02  9.82241E-02  215.646  8.84898E-08  6.43830E-10  3.53000E-10
  58  1.59403E+04  4.50646E+02  9.15648E-02  215.942  8.45282E-08  7.00293E-10  3.99223E-10
  59  1.63970E+04  4.62700E+02  8.52085E-02  216.269  8.06422E-08  7.41850E-10  4.40709E-10
  60  1.68662E+04  4.75693E+02  7.91492E-02  216.771  7.68324E-08  7.12573E-10  4.72821E-10
  61  1.73488E+04  4.89428E+02  7.33810E-02  217.320  7.31045E-08  6.70771E-10  5.00472E-10
  62  1.78461E+04  5.05174E+02  6.78974E-02  218.439  6.94561E-08  6.19187E-10  5.21671E-10
  63  1.83617E+04  5.26137E+02  6.26921E-02  221.421  6.58917E-08  5.35175E-10  5.30004E-10
  64  1.88991E+04  5.48729E+02  5.77588E-02  224.630  6.24084E-08  4.53723E-10  5.35425E-10
  65  1.94597E+04  5.72295E+02  5.30907E-02  227.728  5.90148E-08  4.24978E-10  5.42487E-10
  66  2.00443E+04  5.96973E+02  4.86812E-02  230.755  5.57060E-08  4.32709E-10  5.49941E-10
  67  2.06537E+04  6.21941E+02  4.45233E-02  233.369  5.24873E-08  4.39626E-10  5.53603E-10
  68  2.12866E+04  6.43727E+02  4.06103E-02  234.293  4.93566E-08  4.48634E-10  5.50620E-10
  69  2.19417E+04  6.66549E+02  3.69352E-02  235.121  4.63175E-08  4.53726E-10  5.43668E-10
  70  2.26209E+04  6.91779E+02  3.34907E-02  236.285  4.33727E-08  4.40518E-10  5.18968E-10
  71  2.33262E+04  7.18947E+02  3.02696E-02  237.566  4.05208E-08  4.22794E-10  4.90465E-10
  72  2.40597E+04  7.48004E+02  2.72647E-02  238.891  3.77625E-08  4.04846E-10  4.62494E-10
  73  2.48230E+04  7.78637E+02  2.44685E-02  240.104  3.51001E-08  3.84122E-10  4.34772E-10
  74  2.56165E+04  8.08268E+02  2.18736E-02  240.376  3.25358E-08  3.48557E-10  4.05827E-10
  75  2.64404E+04  8.39461E+02  1.94725E-02  240.486  3.00682E-08  3.12519E-10  3.77450E-10
  76  2.72966E+04  8.72990E+02  1.72575E-02  240.604  2.76987E-08  2.78676E-10  3.50001E-10
  77  2.81889E+04  9.11568E+02  1.52211E-02  241.361  2.54285E-08  2.43284E-10  3.23507E-10
  78  2.91223E+04  9.55242E+02  1.33555E-02  242.637  2.32578E-08  2.07918E-10  2.97975E-10
  79  3.01013E+04  1.00282E+03  1.16530E-02  243.962  2.11879E-08  1.75597E-10  2.73444E-10
  80  3.11279E+04  1.05041E+03  1.01058E-02  244.355  1.92174E-08  1.54590E-10  2.50945E-10
  81  3.22026E+04  1.09894E+03  8.70622E-03  243.959  1.73490E-08  1.41330E-10  2.30086E-10
  82  3.33282E+04  1.15237E+03  7.44631E-03  243.614  1.55815E-08  1.28874E-10  2.08466E-10
  83  3.45116E+04  1.21439E+03  6.31828E-03  243.921  1.39147E-08  1.19245E-10  1.75088E-10
  84  3.57607E+04  1.28379E+03  5.31441E-03  244.415  1.23477E-08  1.10226E-10  1.42169E-10
  85  3.70843E+04  1.36341E+03  4.42684E-03  245.285  1.08841E-08  1.01252E-10  1.17630E-10
  86  3.84930E+04  1.45403E+03  3.64782E-03  246.496  9.51781E-09  9.23213E-11  9.90840E-11
  87  3.99977E+04  1.55524E+03  2.96971E-03  247.556  8.25252E-09  8.24059E-11  8.35542E-11
  88  4.16097E+04  1.66881E+03  2.38479E-03  248.434  7.08585E-09  7.18244E-11  7.06467E-11
  89  4.33444E+04  1.80057E+03  1.88548E-03  249.535  6.01772E-09  6.19744E-11  5.77704E-11
  90  4.52221E+04  1.95488E+03  1.46427E-03  250.914  5.04574E-09  5.31015E-11  4.63038E-11
  91  4.72693E+04  2.13945E+03  1.11385E-03  252.906  4.16731E-09  4.60019E-11  3.86334E-11
  92  4.95135E+04  2.34905E+03  8.26914E-04  253.834  3.38514E-09  3.79647E-11  2.60412E-11
  93  5.19822E+04  2.58835E+03  5.96366E-04  253.707  2.69150E-09  2.97156E-11  1.23742E-11
  94  5.47056E+04  2.85838E+03  4.15277E-04  251.449  2.08910E-09  2.12799E-11  5.81567E-12
  95  5.77226E+04  3.17565E+03  2.76896E-04  247.670  1.57153E-09  1.41590E-11  2.77928E-12
  96  6.10916E+04  3.56234E+03  1.74804E-04  242.633  1.13631E-09  9.41575E-12  1.60936E-12
  97  6.49083E+04  4.07102E+03  1.02713E-04  236.741  7.82291E-10  7.38513E-12  7.21198E-13
  98  6.93194E+04  4.75111E+03  5.47147E-05  229.630  5.01808E-10  5.66420E-12  3.07967E-13
  99  7.45305E+04  5.67107E+03  2.53192E-05  219.009  2.90970E-10  3.31088E-12  1.26783E-13
 100  8.09905E+04  7.24909E+03  9.36807E-06  207.811  1.43680E-10  1.54477E-12  7.41853E-14
