! Profile created using TESTLAY
! lat= 68.555, lon=  0.000, 1100mb alt(m)=-6.89000E+02
! input=myp39                                                                 
! Input altitudes: not supplied; calculated instead                     
! Input mixing ratios treated as relative to: dry air                   
! H2O saturation: checked & corrected if needed                         
! no altitude(m)  thickness(m) pressure(atm) temp(K) "fixed" amnt  water amnt   ozone amnt
! -- ------------ ------------ ------------ -------- ------------ ------------ ------------
regression profile 39                   
   1 -5.74318E+02  2.29365E+02  1.07120E+00  291.161  3.66691E-07  1.81836E-05  3.63556E-11
   2 -3.43678E+02  2.31914E+02  1.04269E+00  290.725  3.62132E-07  1.60185E-05  3.61257E-11
   3 -1.10492E+02  2.34458E+02  1.01458E+00  290.249  3.57571E-07  1.37091E-05  3.57051E-11
   4  1.25249E+02  2.37025E+02  9.86866E-01  289.750  3.52968E-07  1.14283E-05  3.54447E-11
   5  3.63578E+02  2.39634E+02  9.59551E-01  289.250  3.48335E-07  9.16162E-06  3.51127E-11
   6  6.04559E+02  2.42327E+02  9.32636E-01  288.791  3.43644E-07  7.00786E-06  3.47617E-11
   7  8.48330E+02  2.45215E+02  9.06124E-01  288.246  3.38423E-07  7.09793E-06  3.43513E-11
   8  1.09496E+03  2.48045E+02  8.80018E-01  287.458  3.32958E-07  8.14896E-06  3.38872E-11
   9  1.34438E+03  2.50785E+02  8.54320E-01  286.518  3.27495E-07  9.08401E-06  3.34389E-11
  10  1.59646E+03  2.53393E+02  8.29031E-01  285.381  3.22040E-07  9.89113E-06  3.33551E-11
  11  1.85103E+03  2.55740E+02  8.04152E-01  284.022  3.16793E-07  9.68846E-06  3.37634E-11
  12  2.10793E+03  2.58062E+02  7.79685E-01  282.629  3.11599E-07  9.17349E-06  3.40406E-11
  13  2.36722E+03  2.60519E+02  7.55633E-01  281.335  3.06375E-07  8.71141E-06  3.43527E-11
  14  2.62904E+03  2.63107E+02  7.31995E-01  280.124  3.01130E-07  8.29566E-06  3.46646E-11
  15  2.89346E+03  2.65743E+02  7.08772E-01  278.916  2.95865E-07  7.89277E-06  3.49243E-11
  16  3.16052E+03  2.68372E+02  6.85965E-01  277.650  2.90595E-07  7.47857E-06  3.53965E-11
  17  3.43018E+03  2.70945E+02  6.63575E-01  276.291  2.85337E-07  6.96838E-06  3.64262E-11
  18  3.70241E+03  2.73517E+02  6.41602E-01  274.891  2.80098E-07  6.36415E-06  3.74523E-11
  19  3.97721E+03  2.76091E+02  6.20048E-01  273.452  2.74848E-07  5.75898E-06  3.82639E-11
  20  4.25458E+03  2.78638E+02  5.98911E-01  271.928  2.69588E-07  5.20804E-06  3.90835E-11
  21  4.53448E+03  2.81169E+02  5.78193E-01  270.332  2.64308E-07  4.74555E-06  3.98180E-11
  22  4.81689E+03  2.83643E+02  5.57892E-01  268.634  2.59023E-07  4.30600E-06  4.04454E-11
  23  5.10173E+03  2.86050E+02  5.38010E-01  266.835  2.53745E-07  3.84292E-06  4.09152E-11
  24  5.38897E+03  2.88420E+02  5.18545E-01  264.960  2.48476E-07  3.37708E-06  4.12049E-11
  25  5.67863E+03  2.90906E+02  4.99496E-01  263.145  2.43204E-07  2.94958E-06  4.26015E-11
  26  5.97095E+03  2.93743E+02  4.80864E-01  261.609  2.37956E-07  2.46483E-06  4.66317E-11
  27  6.26605E+03  2.96459E+02  4.62647E-01  259.948  2.32766E-07  1.77288E-06  5.27991E-11
  28  6.56363E+03  2.98688E+02  4.44844E-01  257.783  2.27533E-07  1.33018E-06  5.87733E-11
  29  6.86338E+03  3.00815E+02  4.27454E-01  255.455  2.22258E-07  1.14370E-06  6.41029E-11
  30  7.16528E+03  3.02983E+02  4.10475E-01  253.135  2.17013E-07  9.10811E-07  6.88625E-11
  31  7.46931E+03  3.05071E+02  3.93906E-01  250.725  2.11789E-07  6.57272E-07  7.33449E-11
  32  7.77538E+03  3.07082E+02  3.77746E-01  248.201  2.06571E-07  4.95697E-07  7.72797E-11
  33  8.08345E+03  3.09058E+02  3.61993E-01  245.608  2.01352E-07  4.30039E-07  8.04033E-11
  34  8.39350E+03  3.11037E+02  3.46643E-01  242.988  1.96162E-07  3.61894E-07  8.34970E-11
  35  8.70553E+03  3.13016E+02  3.31696E-01  240.346  1.90995E-07  2.97388E-07  8.62600E-11
  36  9.01953E+03  3.14992E+02  3.17149E-01  237.665  1.85864E-07  2.39174E-07  8.75507E-11
  37  9.33550E+03  3.16957E+02  3.03000E-01  234.954  1.80759E-07  1.82045E-07  9.16467E-11
  38  9.65352E+03  3.19065E+02  2.89245E-01  232.316  1.75692E-07  1.28775E-07  1.03176E-10
  39  9.97369E+03  3.21279E+02  2.75882E-01  229.719  1.70653E-07  1.02225E-07  1.20967E-10
  40  1.02961E+04  3.23589E+02  2.62908E-01  227.152  1.65651E-07  9.06588E-08  1.39917E-10
  41  1.06211E+04  3.26434E+02  2.50320E-01  224.919  1.60689E-07  7.59071E-08  1.56290E-10
  42  1.09495E+04  3.30327E+02  2.38115E-01  223.343  1.55771E-07  6.27716E-08  1.71378E-10
  43  1.12823E+04  3.35187E+02  2.26289E-01  222.334  1.50895E-07  5.33639E-08  1.85134E-10
  44  1.16201E+04  3.40415E+02  2.14838E-01  221.463  1.46069E-07  4.56316E-08  1.95746E-10
  45  1.19633E+04  3.45987E+02  2.03759E-01  220.705  1.41289E-07  3.71175E-08  2.05619E-10
  46  1.23128E+04  3.52988E+02  1.93048E-01  220.718  1.36563E-07  2.82958E-08  2.18293E-10
  47  1.26700E+04  3.61408E+02  1.82701E-01  221.452  1.31887E-07  2.36861E-08  2.34087E-10
  48  1.30358E+04  3.70370E+02  1.72713E-01  222.327  1.27267E-07  2.01008E-08  2.48394E-10
  49  1.34109E+04  3.79708E+02  1.63080E-01  223.222  1.22706E-07  1.67156E-08  2.61127E-10
  50  1.37954E+04  3.89380E+02  1.53798E-01  224.109  1.18201E-07  1.34371E-08  2.72383E-10
  51  1.41895E+04  3.98824E+02  1.44861E-01  224.651  1.13760E-07  1.03054E-08  2.88940E-10
  52  1.45928E+04  4.07804E+02  1.36266E-01  224.733  1.09381E-07  8.18873E-09  3.12110E-10
  53  1.50052E+04  4.16934E+02  1.28007E-01  224.705  1.05065E-07  6.64412E-09  3.32822E-10
  54  1.54269E+04  4.26488E+02  1.20078E-01  224.699  1.00819E-07  5.31483E-09  3.49857E-10
  55  1.58584E+04  4.36416E+02  1.12475E-01  224.686  9.66393E-08  4.23357E-09  3.62979E-10
  56  1.63000E+04  4.46750E+02  1.05192E-01  224.662  9.25322E-08  3.33177E-09  3.73374E-10
  57  1.67522E+04  4.57725E+02  9.82241E-02  224.740  8.84943E-08  2.58830E-09  3.89113E-10
  58  1.72159E+04  4.69643E+02  9.15648E-02  225.030  8.45332E-08  2.01745E-09  4.11088E-10
  59  1.76919E+04  4.82324E+02  8.52085E-02  225.425  8.06478E-08  1.60311E-09  4.34974E-10
  60  1.81808E+04  4.95584E+02  7.91492E-02  225.819  7.68382E-08  1.25796E-09  4.53277E-10
  61  1.86834E+04  5.09506E+02  7.33810E-02  226.219  7.31101E-08  9.65302E-10  4.66521E-10
  62  1.92002E+04  5.24127E+02  6.78974E-02  226.630  6.94618E-08  7.39559E-10  4.72530E-10
  63  1.97320E+04  5.39541E+02  6.26921E-02  227.059  6.58977E-08  6.54891E-10  4.75096E-10
  64  2.02797E+04  5.55771E+02  5.77588E-02  227.510  6.24145E-08  6.01912E-10  4.71466E-10
  65  2.08440E+04  5.72926E+02  5.30907E-02  227.976  5.90202E-08  5.52923E-10  4.66267E-10
  66  2.14259E+04  5.90773E+02  4.86812E-02  228.359  5.57107E-08  5.07525E-10  4.59076E-10
  67  2.20259E+04  6.09271E+02  4.45233E-02  228.602  5.24921E-08  4.72436E-10  4.49583E-10
  68  2.26448E+04  6.28463E+02  4.06103E-02  228.722  4.93612E-08  4.52872E-10  4.38390E-10
  69  2.32833E+04  6.48621E+02  3.69352E-02  228.784  4.63215E-08  4.35206E-10  4.25020E-10
  70  2.39427E+04  6.70176E+02  3.34907E-02  228.897  4.33759E-08  4.17424E-10  4.10384E-10
  71  2.46247E+04  6.93742E+02  3.02696E-02  229.228  4.05235E-08  4.00677E-10  3.95794E-10
  72  2.53315E+04  7.19854E+02  2.72647E-02  229.890  3.77649E-08  3.84353E-10  3.80821E-10
  73  2.60658E+04  7.48875E+02  2.44685E-02  230.909  3.51021E-08  3.68387E-10  3.65412E-10
  74  2.68306E+04  7.80760E+02  2.18736E-02  232.172  3.25373E-08  3.52471E-10  3.49438E-10
  75  2.76287E+04  8.15305E+02  1.94725E-02  233.545  3.00693E-08  3.37176E-10  3.33491E-10
  76  2.84624E+04  8.52104E+02  1.72575E-02  234.832  2.76993E-08  3.21224E-10  3.16048E-10
  77  2.93338E+04  8.90740E+02  1.52211E-02  235.846  2.54290E-08  3.04688E-10  2.97029E-10
  78  3.02448E+04  9.31326E+02  1.33555E-02  236.565  2.32581E-08  2.88053E-10  2.76360E-10
  79  3.11985E+04  9.76061E+02  1.16530E-02  237.451  2.11880E-08  2.71567E-10  2.53569E-10
  80  3.22012E+04  1.02929E+03  1.01058E-02  239.406  1.92173E-08  2.55490E-10  2.27199E-10
  81  3.32626E+04  1.09359E+03  8.70622E-03  242.720  1.73488E-08  2.41029E-10  1.93501E-10
  82  3.43931E+04  1.16727E+03  7.44631E-03  246.714  1.55812E-08  2.25756E-10  1.57139E-10
  83  3.56004E+04  1.24731E+03  6.31828E-03  250.488  1.39148E-08  2.09401E-10  1.25924E-10
  84  3.68909E+04  1.33375E+03  5.31441E-03  253.882  1.23478E-08  1.92379E-10  1.00125E-10
  85  3.82724E+04  1.42931E+03  4.42684E-03  257.101  1.08845E-08  1.74524E-10  7.89824E-11
  86  3.97551E+04  1.53597E+03  3.64782E-03  260.340  9.51824E-09  1.56852E-10  6.19458E-11
  87  4.13519E+04  1.65777E+03  2.96971E-03  263.810  8.25318E-09  1.37268E-10  4.84378E-11
  88  4.30778E+04  1.79403E+03  2.38479E-03  267.007  7.08665E-09  1.17153E-10  3.76163E-11
  89  4.49480E+04  1.94638E+03  1.88548E-03  269.674  6.01869E-09  9.85737E-11  2.98818E-11
  90  4.69820E+04  2.12158E+03  1.46427E-03  272.234  5.04676E-09  8.12810E-11  2.35273E-11
  91  4.92066E+04  2.32754E+03  1.11385E-03  275.069  4.16838E-09  6.54927E-11  1.81715E-11
  92  5.16478E+04  2.55490E+03  8.26914E-04  276.025  3.38622E-09  5.17011E-11  1.37271E-11
  93  5.43131E+04  2.77566E+03  5.96366E-04  272.102  2.69255E-09  3.94041E-11  1.00457E-11
  94  5.72103E+04  3.01888E+03  4.15277E-04  265.584  2.09002E-09  2.93982E-11  7.15825E-12
  95  6.03662E+04  3.29277E+03  2.76896E-04  256.834  1.57229E-09  2.12461E-11  4.91033E-12
  96  6.38309E+04  3.63664E+03  1.74804E-04  247.731  1.13690E-09  1.46224E-11  3.13223E-12
  97  6.76893E+04  4.08017E+03  1.02713E-04  237.360  7.82706E-10  9.14499E-12  1.51410E-12
  98  7.20700E+04  4.68135E+03  5.47147E-05  226.287  5.02069E-10  5.07952E-12  5.66508E-13
  99  7.72005E+04  5.57962E+03  2.53192E-05  215.379  2.90986E-10  2.44169E-12  2.32698E-13
 100  8.35109E+04  7.04124E+03  9.36807E-06  202.313  1.43592E-10  9.91802E-13  1.25454E-13
