! Profile created using TESTLAY
! lat= 45.000, lon=  0.000, 1100mb alt(m)=-6.89000E+02
! input=myp8                                                                  
! Input altitudes: not supplied; calculated instead                     
! Input mixing ratios treated as relative to: dry air                   
! H2O saturation: checked & corrected if needed                         
! no altitude(m)  thickness(m) pressure(atm) temp(K) "fixed" amnt  water amnt   ozone amnt
! -- ------------ ------------ ------------ -------- ------------ ------------ ------------
regression profile 8                    
   1 -5.95844E+02  1.86312E+02  1.07120E+00  237.635  3.71501E-07  4.41448E-08  2.45620E-11
   2 -4.07959E+02  1.89458E+02  1.04269E+00  238.466  3.66437E-07  5.37832E-08  2.42272E-11
   3 -2.16891E+02  1.92678E+02  1.01458E+00  239.308  3.61337E-07  6.32671E-08  2.38901E-11
   4 -2.25649E+01  1.95974E+02  9.86866E-01  240.161  3.56204E-07  7.25904E-08  2.35507E-11
   5  1.75097E+02  1.99350E+02  9.59551E-01  241.025  3.51042E-07  8.17485E-08  2.32094E-11
   6  3.76175E+02  2.02806E+02  9.32636E-01  241.902  3.45850E-07  9.08903E-08  2.28661E-11
   7  5.80752E+02  2.06349E+02  9.06124E-01  242.791  3.40633E-07  1.00891E-07  2.25212E-11
   8  7.88914E+02  2.09976E+02  8.80018E-01  243.689  3.35388E-07  1.13285E-07  2.21744E-11
   9  1.00075E+03  2.13692E+02  8.54320E-01  244.599  3.30120E-07  1.25745E-07  2.18261E-11
  10  1.21618E+03  2.17177E+02  8.29031E-01  245.154  3.24830E-07  1.43099E-07  2.15873E-11
  11  1.43489E+03  2.20247E+02  8.04152E-01  245.160  3.19519E-07  1.67773E-07  2.15103E-11
  12  1.65671E+03  2.23377E+02  7.79685E-01  245.160  3.14190E-07  1.91996E-07  2.14285E-11
  13  1.88168E+03  2.26571E+02  7.55633E-01  245.160  3.08843E-07  2.15682E-07  2.13383E-11
  14  2.10989E+03  2.29839E+02  7.31995E-01  245.160  3.03485E-07  2.38817E-07  2.12407E-11
  15  2.34139E+03  2.33175E+02  7.08772E-01  245.160  2.98113E-07  2.61371E-07  2.11363E-11
  16  2.57610E+03  2.36245E+02  6.85965E-01  244.811  2.92735E-07  2.71735E-07  2.21049E-11
  17  2.81344E+03  2.38427E+02  6.63575E-01  243.488  2.87354E-07  2.50168E-07  2.59766E-11
  18  3.05294E+03  2.40574E+02  6.41602E-01  242.087  2.81971E-07  2.26615E-07  2.99212E-11
  19  3.29459E+03  2.42734E+02  6.20048E-01  240.664  2.76579E-07  2.03375E-07  3.37599E-11
  20  3.53842E+03  2.44918E+02  5.98911E-01  239.220  2.71188E-07  1.80900E-07  3.74905E-11
  21  3.78444E+03  2.47120E+02  5.78193E-01  237.754  2.65795E-07  1.59084E-07  4.11105E-11
  22  4.03267E+03  2.49341E+02  5.57892E-01  236.267  2.60403E-07  1.37699E-07  4.46191E-11
  23  4.28313E+03  2.51581E+02  5.38010E-01  234.757  2.55014E-07  1.16696E-07  4.80152E-11
  24  4.53584E+03  2.53840E+02  5.18545E-01  233.225  2.49632E-07  9.61837E-08  5.12953E-11
  25  4.79082E+03  2.56123E+02  4.99496E-01  231.672  2.44257E-07  7.63981E-08  5.45865E-11
  26  5.04817E+03  2.58584E+02  4.80864E-01  230.235  2.38891E-07  6.55870E-08  6.26995E-11
  27  5.30805E+03  2.61157E+02  4.62647E-01  228.849  2.33534E-07  5.92521E-08  7.31084E-11
  28  5.57050E+03  2.63761E+02  4.44844E-01  227.442  2.28192E-07  5.27238E-08  8.31588E-11
  29  5.83558E+03  2.66395E+02  4.27454E-01  226.012  2.22865E-07  4.63638E-08  9.28503E-11
  30  6.10331E+03  2.69066E+02  4.10475E-01  224.560  2.17558E-07  4.03435E-08  1.02165E-10
  31  6.37377E+03  2.71855E+02  3.93906E-01  223.157  2.12267E-07  3.45690E-08  1.11735E-10
  32  6.64727E+03  2.75130E+02  3.77746E-01  222.089  2.07003E-07  2.90905E-08  1.23922E-10
  33  6.92409E+03  2.78526E+02  3.61993E-01  221.052  2.01762E-07  2.37914E-08  1.36015E-10
  34  7.20435E+03  2.81987E+02  3.46643E-01  219.998  1.96546E-07  1.86663E-08  1.47589E-10
  35  7.48810E+03  2.85514E+02  3.31696E-01  218.926  1.91358E-07  1.37923E-08  1.58631E-10
  36  7.77541E+03  2.89114E+02  3.17149E-01  217.835  1.86203E-07  9.10242E-09  1.69146E-10
  37  8.06636E+03  2.92784E+02  3.03000E-01  216.724  1.81078E-07  4.57819E-09  1.79126E-10
  38  8.36141E+03  2.97315E+02  2.89245E-01  216.160  1.75990E-07  2.23891E-09  1.97835E-10
  39  8.66146E+03  3.02769E+02  2.75882E-01  216.160  1.70937E-07  1.97833E-09  2.24772E-10
  40  8.96704E+03  3.08390E+02  2.62908E-01  216.160  1.65923E-07  1.72625E-09  2.50420E-10
  41  9.27831E+03  3.14166E+02  2.50320E-01  216.145  1.60949E-07  1.48355E-09  2.75226E-10
  42  9.59513E+03  3.19466E+02  2.38115E-01  215.684  1.56020E-07  1.27249E-09  3.12164E-10
  43  9.91716E+03  3.24604E+02  2.26289E-01  214.999  1.51136E-07  1.07983E-09  3.53429E-10
  44  1.02444E+04  3.29889E+02  2.14838E-01  214.301  1.46299E-07  8.94474E-10  3.92478E-10
  45  1.05770E+04  3.35323E+02  2.03759E-01  213.589  1.41510E-07  7.16474E-10  4.29299E-10
  46  1.09153E+04  3.41154E+02  1.93048E-01  213.008  1.36774E-07  5.82968E-10  4.64817E-10
  47  1.12596E+04  3.47503E+02  1.82701E-01  212.624  1.32090E-07  5.06434E-10  4.99335E-10
  48  1.16104E+04  3.54066E+02  1.72713E-01  212.233  1.27462E-07  4.33381E-10  5.31515E-10
  49  1.19678E+04  3.60857E+02  1.63080E-01  211.834  1.22893E-07  3.63408E-10  5.61352E-10
  50  1.23322E+04  3.67873E+02  1.53798E-01  211.426  1.18379E-07  2.96516E-10  5.88825E-10
  51  1.27035E+04  3.74836E+02  1.44861E-01  210.836  1.13930E-07  2.54796E-10  6.12508E-10
  52  1.30817E+04  3.81499E+02  1.36266E-01  209.936  1.09543E-07  2.50970E-10  6.31534E-10
  53  1.34667E+04  3.88369E+02  1.28007E-01  209.011  1.05220E-07  2.44926E-10  6.48421E-10
  54  1.38586E+04  3.95477E+02  1.20078E-01  208.066  1.00966E-07  2.37241E-10  6.63238E-10
  55  1.42577E+04  4.02821E+02  1.12475E-01  207.099  9.67792E-08  2.28116E-10  6.75985E-10
  56  1.46643E+04  4.10425E+02  1.05192E-01  206.108  9.26649E-08  2.14000E-10  6.86732E-10
  57  1.50787E+04  4.18370E+02  9.82241E-02  205.133  8.86205E-08  2.03165E-10  6.95129E-10
  58  1.55014E+04  4.27009E+02  9.15648E-02  204.323  8.46522E-08  2.07315E-10  7.00228E-10
  59  1.59330E+04  4.36037E+02  8.52085E-02  203.517  8.07599E-08  2.12386E-10  7.03283E-10
  60  1.63737E+04  4.45420E+02  7.91492E-02  202.690  7.69441E-08  2.13830E-10  7.04451E-10
  61  1.68240E+04  4.55205E+02  7.33810E-02  201.840  7.32107E-08  2.13671E-10  7.03828E-10
  62  1.72846E+04  4.65920E+02  6.78974E-02  201.196  6.95548E-08  2.07847E-10  7.00877E-10
  63  1.77568E+04  4.78623E+02  6.26921E-02  201.160  6.59848E-08  1.88536E-10  6.94886E-10
  64  1.82422E+04  4.92035E+02  5.77588E-02  201.160  6.24960E-08  1.69372E-10  6.87271E-10
  65  1.87413E+04  5.06176E+02  5.30907E-02  201.160  5.90960E-08  1.51132E-10  6.78243E-10
  66  1.92554E+04  5.22031E+02  4.86812E-02  201.525  5.57812E-08  1.35608E-10  6.60494E-10
  67  1.97875E+04  5.42184E+02  4.45233E-02  203.166  5.25574E-08  1.26540E-10  6.18388E-10
  68  2.03405E+04  5.63908E+02  4.06103E-02  204.967  4.94210E-08  1.18254E-10  5.75749E-10
  69  2.09160E+04  5.87104E+02  3.69352E-02  206.823  4.63771E-08  1.10259E-10  5.34739E-10
  70  2.15155E+04  6.11922E+02  3.34907E-02  208.739  4.34273E-08  1.02558E-10  4.95363E-10
  71  2.21408E+04  6.38504E+02  3.02696E-02  210.719  4.05706E-08  9.52778E-11  4.57589E-10
  72  2.27935E+04  6.67070E+02  2.72647E-02  212.778  3.78082E-08  9.04051E-11  4.21247E-10
  73  2.34760E+04  6.97814E+02  2.44685E-02  214.914  3.51417E-08  8.68035E-11  3.86489E-10
  74  2.41904E+04  7.30996E+02  2.18736E-02  217.124  3.25736E-08  8.51675E-11  3.53419E-10
  75  2.49404E+04  7.69121E+02  1.94725E-02  220.042  3.01023E-08  8.25566E-11  3.20389E-10
  76  2.57348E+04  8.19674E+02  1.72575E-02  225.600  2.77296E-08  7.63902E-11  2.83270E-10
  77  2.65827E+04  8.76039E+02  1.52211E-02  231.646  2.54566E-08  7.00398E-11  2.48148E-10
  78  2.74897E+04  9.38018E+02  1.33555E-02  237.944  2.32833E-08  6.25242E-11  2.15632E-10
  79  2.84620E+04  1.00643E+03  1.16530E-02  244.513  2.12110E-08  5.49950E-11  1.85676E-10
  80  2.95064E+04  1.08243E+03  1.01058E-02  251.437  1.92385E-08  4.81528E-11  1.58038E-10
  81  3.06330E+04  1.17075E+03  8.70622E-03  259.499  1.73683E-08  4.33959E-11  1.30860E-10
  82  3.18537E+04  1.27068E+03  7.44631E-03  268.202  1.55992E-08  3.93544E-11  1.05824E-10
  83  3.31703E+04  1.36260E+03  6.31828E-03  273.350  1.39312E-08  3.61120E-11  8.35289E-11
  84  3.45750E+04  1.44684E+03  5.31441E-03  275.100  1.23629E-08  3.34408E-11  6.39033E-11
  85  3.60705E+04  1.54409E+03  4.42684E-03  277.410  1.08982E-08  3.00226E-11  5.09465E-11
  86  3.76693E+04  1.65343E+03  3.64782E-03  279.911  9.53062E-09  2.62552E-11  4.23261E-11
  87  3.93819E+04  1.77191E+03  2.96971E-03  281.658  8.26418E-09  2.29024E-11  3.47995E-11
  88  4.12111E+04  1.88645E+03  2.38479E-03  280.470  7.09636E-09  2.05822E-11  2.89917E-11
  89  4.31601E+04  2.01159E+03  1.88548E-03  278.428  6.02704E-09  1.82138E-11  2.39174E-11
  90  4.52417E+04  2.15152E+03  1.46427E-03  275.798  5.05387E-09  1.51870E-11  1.93754E-11
  91  4.74776E+04  2.32036E+03  1.11385E-03  273.931  4.17428E-09  1.18545E-11  1.55934E-11
  92  4.98922E+04  2.50878E+03  8.26914E-04  270.738  3.39098E-09  9.27161E-12  1.13171E-11
  93  5.25061E+04  2.71903E+03  5.96366E-04  266.167  2.69628E-09  7.26737E-12  7.17115E-12
  94  5.53418E+04  2.95236E+03  4.15277E-04  259.426  2.09288E-09  5.57168E-12  4.28550E-12
  95  5.84205E+04  3.20500E+03  2.76896E-04  249.708  1.57441E-09  4.15312E-12  2.42583E-12
  96  6.17779E+04  3.50980E+03  1.74804E-04  238.857  1.13840E-09  2.96298E-12  1.19617E-12
  97  6.54848E+04  3.90412E+03  1.02713E-04  226.934  7.83698E-10  2.00396E-12  5.66846E-13
  98  6.96548E+04  4.43572E+03  5.47147E-05  214.260  5.02575E-10  1.33507E-12  1.97546E-13
  99  7.45090E+04  5.27273E+03  2.53192E-05  203.316  2.90837E-10  8.23463E-13  9.23760E-14
 100  8.04910E+04  6.69122E+03  9.36807E-06  191.657  1.43834E-10  4.31928E-13  5.18283E-14
