! Profile created using TESTLAY
! lat=-52.330, lon=  0.000, 1100mb alt(m)=-6.89000E+02
! input=myp25                                                                 
! Input altitudes: not supplied; calculated instead                     
! Input mixing ratios treated as relative to: dry air                   
! H2O saturation: checked & corrected if needed                         
! no altitude(m)  thickness(m) pressure(atm) temp(K) "fixed" amnt  water amnt   ozone amnt
! -- ------------ ------------ ------------ -------- ------------ ------------ ------------
regression profile 25                   
   1 -5.78597E+02  2.20807E+02  1.07120E+00  281.189  3.69873E-07  6.16133E-06  1.69691E-11
   2 -3.56876E+02  2.22634E+02  1.04269E+00  279.767  3.64813E-07  6.18849E-06  1.76577E-11
   3 -1.33324E+02  2.24470E+02  1.01458E+00  278.327  3.59717E-07  6.21344E-06  1.83313E-11
   4  9.20692E+01  2.26317E+02  9.86866E-01  276.868  3.54587E-07  6.23612E-06  1.89893E-11
   5  3.19315E+02  2.28175E+02  9.59551E-01  275.389  3.49430E-07  6.25660E-06  1.96316E-11
   6  5.48369E+02  2.29933E+02  9.32636E-01  273.782  3.44284E-07  6.08428E-06  2.07834E-11
   7  7.79097E+02  2.31523E+02  9.06124E-01  271.978  3.39183E-07  5.61073E-06  2.27440E-11
   8  1.01142E+03  2.33129E+02  8.80018E-01  270.182  3.34072E-07  5.05530E-06  2.46784E-11
   9  1.24537E+03  2.34774E+02  8.54320E-01  268.424  3.28971E-07  4.35348E-06  2.65755E-11
  10  1.48110E+03  2.36680E+02  8.29031E-01  266.951  3.23883E-07  3.49795E-06  2.82726E-11
  11  1.71897E+03  2.39064E+02  8.04152E-01  266.010  3.18836E-07  2.37148E-06  2.96506E-11
  12  1.95936E+03  2.41719E+02  7.79685E-01  265.275  3.13681E-07  1.64989E-06  3.05686E-11
  13  2.20260E+03  2.44748E+02  7.55633E-01  264.828  3.08379E-07  1.49652E-06  3.08656E-11
  14  2.44889E+03  2.47840E+02  7.31995E-01  264.378  3.03064E-07  1.35020E-06  3.11397E-11
  15  2.69821E+03  2.50787E+02  7.08772E-01  263.710  2.97730E-07  1.22406E-06  3.13751E-11
  16  2.95027E+03  2.53345E+02  6.85965E-01  262.568  2.92378E-07  1.13838E-06  3.15493E-11
  17  3.20490E+03  2.55919E+02  6.63575E-01  261.393  2.87016E-07  1.05547E-06  3.17043E-11
  18  3.46210E+03  2.58464E+02  6.41602E-01  260.135  2.81650E-07  9.71316E-07  3.19144E-11
  19  3.72168E+03  2.60698E+02  6.20048E-01  258.527  2.76279E-07  8.75397E-07  3.24666E-11
  20  3.98348E+03  2.62905E+02  5.98911E-01  256.846  2.70909E-07  7.79499E-07  3.30417E-11
  21  4.24749E+03  2.65114E+02  5.78193E-01  255.131  2.65537E-07  6.88355E-07  3.35611E-11
  22  4.51368E+03  2.67269E+02  5.57892E-01  253.322  2.60160E-07  6.19290E-07  3.38686E-11
  23  4.78202E+03  2.69417E+02  5.38010E-01  251.472  2.54784E-07  5.55788E-07  3.41133E-11
  24  5.05252E+03  2.71574E+02  5.18545E-01  249.591  2.49416E-07  4.95107E-07  3.44990E-11
  25  5.32517E+03  2.73719E+02  4.99496E-01  247.662  2.44052E-07  4.44984E-07  3.59206E-11
  26  5.59996E+03  2.75867E+02  4.80864E-01  245.699  2.38698E-07  3.97673E-07  3.74749E-11
  27  5.87684E+03  2.77902E+02  4.62647E-01  243.603  2.33354E-07  3.50189E-07  3.89594E-11
  28  6.15557E+03  2.79550E+02  4.44844E-01  241.142  2.28026E-07  2.99788E-07  4.03677E-11
  29  6.43592E+03  2.81147E+02  4.27454E-01  238.615  2.22712E-07  2.50402E-07  4.17069E-11
  30  6.71794E+03  2.82894E+02  4.10475E-01  236.189  2.17417E-07  2.10262E-07  4.35054E-11
  31  7.00179E+03  2.84816E+02  3.93906E-01  233.889  2.12134E-07  1.80152E-07  4.58124E-11
  32  7.28758E+03  2.86769E+02  3.77746E-01  231.577  2.06879E-07  1.51247E-07  4.80151E-11
  33  7.57550E+03  2.89070E+02  3.61993E-01  229.516  2.01644E-07  1.26398E-07  5.01078E-11
  34  7.86578E+03  2.91477E+02  3.46643E-01  227.497  1.96436E-07  1.03156E-07  5.20910E-11
  35  8.15838E+03  2.93737E+02  3.31696E-01  225.328  1.91255E-07  8.20424E-08  5.35312E-11
  36  8.45314E+03  2.95770E+02  3.17149E-01  222.947  1.86105E-07  6.36793E-08  5.42394E-11
  37  8.74993E+03  2.97815E+02  3.03000E-01  220.546  1.80987E-07  4.73612E-08  5.43066E-11
  38  9.04885E+03  3.00030E+02  2.89245E-01  218.234  1.75903E-07  3.94420E-08  5.11820E-11
  39  9.35000E+03  3.02263E+02  2.75882E-01  215.901  1.70852E-07  3.30637E-08  4.76946E-11
  40  9.65337E+03  3.04475E+02  2.62908E-01  213.517  1.65842E-07  2.78808E-08  4.56866E-11
  41  9.95894E+03  3.06664E+02  2.50320E-01  211.086  1.60871E-07  2.33043E-08  4.43209E-11
  42  1.02668E+04  3.09001E+02  2.38115E-01  208.718  1.55944E-07  1.87729E-08  4.40362E-11
  43  1.05770E+04  3.11471E+02  2.26289E-01  206.401  1.51062E-07  1.43109E-08  4.46330E-11
  44  1.08897E+04  3.13896E+02  2.14838E-01  204.012  1.46229E-07  1.05915E-08  4.51543E-11
  45  1.12048E+04  3.16246E+02  2.03759E-01  201.540  1.41442E-07  7.74070E-09  4.55989E-11
  46  1.15232E+04  3.20714E+02  1.93048E-01  200.337  1.36706E-07  5.94023E-09  4.83774E-11
  47  1.18478E+04  3.28361E+02  1.82701E-01  201.002  1.32026E-07  5.49579E-09  5.42987E-11
  48  1.21801E+04  3.36331E+02  1.72713E-01  201.695  1.27398E-07  5.07571E-09  5.98833E-11
  49  1.25206E+04  3.44636E+02  1.63080E-01  202.405  1.22831E-07  4.66425E-09  6.51313E-11
  50  1.28696E+04  3.53427E+02  1.53798E-01  203.217  1.18319E-07  4.01326E-09  7.11564E-11
  51  1.32277E+04  3.62691E+02  1.44861E-01  204.098  1.13873E-07  3.25053E-09  7.73889E-11
  52  1.35952E+04  3.72354E+02  1.36266E-01  204.997  1.09487E-07  2.52416E-09  8.31594E-11
  53  1.39725E+04  3.82220E+02  1.28007E-01  205.799  1.05166E-07  1.89980E-09  8.84697E-11
  54  1.43595E+04  3.91839E+02  1.20078E-01  206.250  1.00914E-07  1.50526E-09  9.33263E-11
  55  1.47564E+04  4.01824E+02  1.12475E-01  206.684  9.67294E-08  1.14512E-09  9.77262E-11
  56  1.51634E+04  4.12236E+02  1.05192E-01  207.116  9.26173E-08  8.30320E-10  1.09355E-10
  57  1.55810E+04  4.22913E+02  9.82241E-02  207.460  8.85748E-08  7.11028E-10  1.73266E-10
  58  1.60095E+04  4.34054E+02  9.15648E-02  207.793  8.46089E-08  6.32628E-10  2.43115E-10
  59  1.64494E+04  4.45781E+02  8.52085E-02  208.163  8.07188E-08  5.66854E-10  3.07811E-10
  60  1.69015E+04  4.58527E+02  7.91492E-02  208.751  7.69048E-08  5.65041E-10  3.67386E-10
  61  1.73668E+04  4.72031E+02  7.33810E-02  209.397  7.31735E-08  5.73798E-10  4.21904E-10
  62  1.78461E+04  4.86518E+02  6.78974E-02  210.185  6.95207E-08  5.78845E-10  4.65062E-10
  63  1.83407E+04  5.02777E+02  6.26921E-02  211.405  6.59530E-08  5.77018E-10  4.83978E-10
  64  1.88521E+04  5.20010E+02  5.77588E-02  212.691  6.24656E-08  5.73054E-10  4.98545E-10
  65  1.93811E+04  5.37979E+02  5.30907E-02  213.894  5.90674E-08  5.34695E-10  5.14137E-10
  66  1.99285E+04  5.56773E+02  4.86812E-02  215.037  5.57556E-08  4.73128E-10  5.29532E-10
  67  2.04952E+04  5.76566E+02  4.45233E-02  216.153  5.25339E-08  4.11236E-10  5.41836E-10
  68  2.10819E+04  5.96980E+02  4.06103E-02  217.088  4.93998E-08  3.40305E-10  5.51081E-10
  69  2.16897E+04  6.18463E+02  3.69352E-02  217.975  4.63571E-08  2.77863E-10  5.54250E-10
  70  2.23187E+04  6.39678E+02  3.34907E-02  218.314  4.34091E-08  2.61511E-10  5.26171E-10
  71  2.29695E+04  6.61809E+02  3.02696E-02  218.515  4.05540E-08  2.55561E-10  4.91563E-10
  72  2.36431E+04  6.85379E+02  2.72647E-02  218.723  3.77929E-08  2.49002E-10  4.58096E-10
  73  2.43410E+04  7.10555E+02  2.44685E-02  218.942  3.51276E-08  2.44473E-10  4.25139E-10
  74  2.50651E+04  7.37607E+02  2.18736E-02  219.193  3.25606E-08  2.54165E-10  3.89688E-10
  75  2.58172E+04  7.66625E+02  1.94725E-02  219.457  3.00904E-08  2.63715E-10  3.55319E-10
  76  2.65995E+04  7.97842E+02  1.72575E-02  219.734  2.77185E-08  2.70452E-10  3.22705E-10
  77  2.74151E+04  8.33437E+02  1.52211E-02  220.521  2.54461E-08  2.67004E-10  2.90600E-10
  78  2.82686E+04  8.73504E+02  1.33555E-02  221.725  2.32734E-08  2.56726E-10  2.59527E-10
  79  2.91639E+04  9.17172E+02  1.16530E-02  222.983  2.12015E-08  2.45713E-10  2.30482E-10
  80  3.01055E+04  9.65943E+02  1.01058E-02  224.542  1.92292E-08  2.25660E-10  2.04469E-10
  81  3.10987E+04  1.02046E+03  8.70622E-03  226.375  1.73592E-08  2.00173E-10  1.81043E-10
  82  3.21494E+04  1.08091E+03  7.44631E-03  228.349  1.55902E-08  1.75886E-10  1.60359E-10
  83  3.32650E+04  1.15041E+03  6.31828E-03  230.910  1.39223E-08  1.48751E-10  1.50407E-10
  84  3.44545E+04  1.22851E+03  5.31441E-03  233.732  1.23541E-08  1.23172E-10  1.42270E-10
  85  3.57272E+04  1.31697E+03  4.42684E-03  236.776  1.08897E-08  1.00385E-10  1.30534E-10
  86  3.70942E+04  1.41694E+03  3.64782E-03  240.053  9.52256E-09  8.02189E-11  1.16667E-10
  87  3.85673E+04  1.52922E+03  2.96971E-03  243.258  8.25656E-09  6.59672E-11  1.03483E-10
  88  4.01598E+04  1.65589E+03  2.38479E-03  246.352  7.08923E-09  5.67034E-11  9.08383E-11
  89  4.18871E+04  1.79877E+03  1.88548E-03  249.137  6.02063E-09  5.12829E-11  7.22219E-11
  90  4.37678E+04  1.96259E+03  1.46427E-03  251.763  5.04815E-09  4.74116E-11  5.26144E-11
  91  4.58256E+04  2.15299E+03  1.11385E-03  254.372  4.16932E-09  4.30208E-11  3.64736E-11
  92  4.80863E+04  2.36846E+03  8.26914E-04  255.794  3.38678E-09  3.66570E-11  2.30083E-11
  93  5.05778E+04  2.61458E+03  5.96366E-04  256.139  2.69284E-09  2.95176E-11  1.23599E-11
  94  5.33288E+04  2.88741E+03  4.15277E-04  253.880  2.09016E-09  2.25346E-11  7.31490E-12
  95  5.63747E+04  3.20439E+03  2.76896E-04  249.797  1.57234E-09  1.63002E-11  4.58493E-12
  96  5.97707E+04  3.58756E+03  1.74804E-04  244.244  1.13691E-09  1.09942E-11  2.41532E-12
  97  6.36095E+04  4.09004E+03  1.02713E-04  237.751  7.82705E-10  6.56672E-12  9.34892E-13
  98  6.80345E+04  4.76001E+03  5.47147E-05  229.967  5.02078E-10  3.35230E-12  3.46453E-13
  99  7.32536E+04  5.67805E+03  2.53192E-05  219.159  2.91128E-10  2.15216E-12  1.37976E-13
 100  7.97217E+04  7.25828E+03  9.36807E-06  207.961  1.43758E-10  1.20801E-12  8.28509E-14
