! Profile created using TESTLAY
! lat= 66.770, lon=  0.000, 1100mb alt(m)=-6.89000E+02
! input=myp33                                                                 
! Input altitudes: not supplied; calculated instead                     
! Input mixing ratios treated as relative to: dry air                   
! H2O saturation: checked & corrected if needed                         
! no altitude(m)  thickness(m) pressure(atm) temp(K) "fixed" amnt  water amnt   ozone amnt
! -- ------------ ------------ ------------ -------- ------------ ------------ ------------
regression profile 33                   
   1 -5.96239E+02  1.85521E+02  1.07120E+00  237.052  3.70807E-07  1.21360E-07  3.65969E-11
   2 -4.09326E+02  1.88306E+02  1.04269E+00  237.442  3.65753E-07  1.30102E-07  3.65599E-11
   3 -2.19597E+02  1.91150E+02  1.01458E+00  237.837  3.60663E-07  1.38678E-07  3.65126E-11
   4 -2.69947E+01  1.94055E+02  9.86866E-01  238.237  3.55538E-07  1.47085E-07  3.64549E-11
   5  1.68545E+02  1.97024E+02  9.59551E-01  238.642  3.50386E-07  1.55318E-07  3.63872E-11
   6  3.67104E+02  2.00094E+02  9.32636E-01  239.097  3.45203E-07  1.65335E-07  3.63079E-11
   7  5.68799E+02  2.03295E+02  9.06124E-01  239.628  3.39995E-07  1.78254E-07  3.62174E-11
   8  7.73727E+02  2.06561E+02  8.80018E-01  240.157  3.34759E-07  1.91743E-07  3.65884E-11
   9  9.81951E+02  2.09886E+02  8.54320E-01  240.674  3.29499E-07  2.06418E-07  3.78138E-11
  10  1.19336E+03  2.12938E+02  8.29031E-01  240.803  3.24221E-07  2.11843E-07  3.87030E-11
  11  1.40754E+03  2.15417E+02  8.04152E-01  240.221  3.18927E-07  2.01210E-07  3.89898E-11
  12  1.62421E+03  2.17924E+02  7.79685E-01  239.615  3.13615E-07  1.90583E-07  3.94277E-11
  13  1.84341E+03  2.20472E+02  7.55633E-01  239.003  3.08286E-07  1.80412E-07  4.01031E-11
  14  2.06518E+03  2.23067E+02  7.31995E-01  238.382  3.02945E-07  1.70380E-07  4.07514E-11
  15  2.28952E+03  2.25614E+02  7.08772E-01  237.660  2.97588E-07  1.59412E-07  4.14121E-11
  16  2.51633E+03  2.28010E+02  6.85965E-01  236.725  2.92225E-07  1.46288E-07  4.21347E-11
  17  2.74555E+03  2.30432E+02  6.63575E-01  235.770  2.86852E-07  1.33306E-07  4.28263E-11
  18  2.97720E+03  2.32869E+02  6.41602E-01  234.777  2.81475E-07  1.20621E-07  4.34835E-11
  19  3.21125E+03  2.35219E+02  6.20048E-01  233.654  2.76090E-07  1.08482E-07  4.41049E-11
  20  3.44765E+03  2.37586E+02  5.98911E-01  232.496  2.70705E-07  9.66254E-08  4.46910E-11
  21  3.68643E+03  2.39981E+02  5.78193E-01  231.322  2.65320E-07  8.52457E-08  4.52399E-11
  22  3.92763E+03  2.42409E+02  5.57892E-01  230.132  2.59934E-07  7.57967E-08  4.57462E-11
  23  4.17126E+03  2.44868E+02  5.38010E-01  228.925  2.54551E-07  6.68964E-08  4.62143E-11
  24  4.41737E+03  2.47350E+02  5.18545E-01  227.688  2.49178E-07  5.83474E-08  4.71130E-11
  25  4.66594E+03  2.49792E+02  4.99496E-01  226.368  2.43809E-07  5.09635E-08  5.09671E-11
  26  4.91696E+03  2.52247E+02  4.80864E-01  225.014  2.38451E-07  4.39318E-08  5.52288E-11
  27  5.17044E+03  2.54712E+02  4.62647E-01  223.621  2.33104E-07  3.73789E-08  5.96406E-11
  28  5.42637E+03  2.57138E+02  4.44844E-01  222.148  2.27771E-07  3.19581E-08  6.48552E-11
  29  5.68473E+03  2.59582E+02  4.27454E-01  220.647  2.22452E-07  2.67547E-08  6.99448E-11
  30  5.94573E+03  2.62429E+02  4.10475E-01  219.431  2.17155E-07  2.30237E-08  7.70462E-11
  31  6.20982E+03  2.65749E+02  3.93906E-01  218.554  2.11873E-07  2.08962E-08  8.63702E-11
  32  6.47730E+03  2.69214E+02  3.77746E-01  217.721  2.06618E-07  1.89753E-08  9.50228E-11
  33  6.74866E+03  2.73501E+02  3.61993E-01  217.470  2.01384E-07  1.85973E-08  1.00086E-10
  34  7.02447E+03  2.78109E+02  3.46643E-01  217.377  1.96178E-07  1.86140E-08  1.04045E-10
  35  7.30494E+03  2.82847E+02  3.31696E-01  217.285  1.90998E-07  1.86283E-08  1.07781E-10
  36  7.59023E+03  2.87727E+02  3.17149E-01  217.193  1.85850E-07  1.86462E-08  1.11297E-10
  37  7.88050E+03  2.92803E+02  3.03000E-01  217.140  1.80735E-07  1.82904E-08  1.14868E-10
  38  8.17607E+03  2.98353E+02  2.89245E-01  217.319  1.75656E-07  1.59354E-08  1.19773E-10
  39  8.47732E+03  3.04134E+02  2.75882E-01  217.542  1.70613E-07  1.33596E-08  1.24622E-10
  40  8.78448E+03  3.10192E+02  2.62908E-01  217.829  1.65610E-07  1.12658E-08  1.29159E-10
  41  9.09782E+03  3.16487E+02  2.50320E-01  218.149  1.60645E-07  9.41748E-09  1.33380E-10
  42  9.41754E+03  3.22954E+02  2.38115E-01  218.443  1.55726E-07  7.85596E-09  1.37288E-10
  43  9.74382E+03  3.29602E+02  2.26289E-01  218.713  1.50851E-07  6.54078E-09  1.40882E-10
  44  1.00769E+04  3.36486E+02  2.14838E-01  218.991  1.46024E-07  5.40359E-09  1.45009E-10
  45  1.04169E+04  3.43616E+02  2.03759E-01  219.277  1.41244E-07  4.47301E-09  1.49856E-10
  46  1.07640E+04  3.50590E+02  1.93048E-01  219.309  1.36517E-07  3.69545E-09  1.62349E-10
  47  1.11179E+04  3.57205E+02  1.82701E-01  218.967  1.31844E-07  3.10827E-09  1.85179E-10
  48  1.14785E+04  3.64034E+02  1.72713E-01  218.615  1.27224E-07  2.54696E-09  2.06731E-10
  49  1.18461E+04  3.71106E+02  1.63080E-01  218.256  1.22663E-07  2.01287E-09  2.27172E-10
  50  1.22209E+04  3.78450E+02  1.53798E-01  217.909  1.18159E-07  1.61484E-09  2.57648E-10
  51  1.26032E+04  3.86088E+02  1.44861E-01  217.565  1.13719E-07  1.29710E-09  2.92439E-10
  52  1.29932E+04  3.94003E+02  1.36266E-01  217.214  1.09341E-07  9.94600E-10  3.24876E-10
  53  1.33913E+04  4.02215E+02  1.28007E-01  216.860  1.05025E-07  7.65235E-10  3.52957E-10
  54  1.37978E+04  4.10782E+02  1.20078E-01  216.513  1.00780E-07  7.21843E-10  3.72810E-10
  55  1.42130E+04  4.19680E+02  1.12475E-01  216.159  9.66014E-08  6.91913E-10  3.90388E-10
  56  1.46373E+04  4.28939E+02  1.05192E-01  215.796  9.24953E-08  6.64207E-10  4.11278E-10
  57  1.50711E+04  4.38550E+02  9.82241E-02  215.417  8.84587E-08  6.48703E-10  4.65465E-10
  58  1.55146E+04  4.48567E+02  9.15648E-02  215.028  8.44978E-08  6.35157E-10  5.22128E-10
  59  1.59684E+04  4.59017E+02  8.52085E-02  214.628  8.06136E-08  6.17906E-10  5.74704E-10
  60  1.64329E+04  4.69915E+02  7.91492E-02  214.219  7.68054E-08  5.78302E-10  6.27883E-10
  61  1.69085E+04  4.81311E+02  7.33810E-02  213.799  7.30781E-08  5.35787E-10  6.76886E-10
  62  1.73959E+04  4.93355E+02  6.78974E-02  213.424  6.94309E-08  5.10750E-10  7.11126E-10
  63  1.78957E+04  5.06412E+02  6.26921E-02  213.220  6.58673E-08  5.35596E-10  7.11260E-10
  64  1.84090E+04  5.20133E+02  5.77588E-02  213.026  6.23850E-08  5.60445E-10  7.07107E-10
  65  1.89365E+04  5.34766E+02  5.30907E-02  212.897  5.89919E-08  5.37718E-10  7.08495E-10
  66  1.94790E+04  5.50295E+02  4.86812E-02  212.819  5.56836E-08  4.82325E-10  7.12926E-10
  67  2.00375E+04  5.66811E+02  4.45233E-02  212.778  5.24660E-08  4.24764E-10  7.14577E-10
  68  2.06133E+04  5.84615E+02  4.06103E-02  212.875  4.93355E-08  3.53453E-10  7.13456E-10
  69  2.12073E+04  6.03514E+02  3.69352E-02  212.988  4.62966E-08  2.89555E-10  7.05641E-10
  70  2.18209E+04  6.23625E+02  3.34907E-02  213.115  4.33522E-08  2.65333E-10  6.58424E-10
  71  2.24552E+04  6.45008E+02  3.02696E-02  213.248  4.05007E-08  2.50690E-10  6.03881E-10
  72  2.31116E+04  6.67773E+02  2.72647E-02  213.386  3.77432E-08  2.36328E-10  5.51940E-10
  73  2.37915E+04  6.92127E+02  2.44685E-02  213.547  3.50811E-08  2.24213E-10  5.04220E-10
  74  2.44969E+04  7.18596E+02  2.18736E-02  213.827  3.25173E-08  2.23462E-10  4.68302E-10
  75  2.52297E+04  7.47043E+02  1.94725E-02  214.137  3.00501E-08  2.23303E-10  4.35170E-10
  76  2.59921E+04  7.77650E+02  1.72575E-02  214.460  2.76814E-08  2.21731E-10  4.03171E-10
  77  2.67864E+04  8.11047E+02  1.52211E-02  214.894  2.54117E-08  2.13827E-10  3.73567E-10
  78  2.76157E+04  8.47486E+02  1.33555E-02  215.421  2.32418E-08  2.01820E-10  3.45836E-10
  79  2.84830E+04  8.87090E+02  1.16530E-02  215.973  2.11724E-08  1.89718E-10  3.19081E-10
  80  2.93923E+04  9.31535E+02  1.01058E-02  216.849  1.92028E-08  1.66082E-10  3.05808E-10
  81  3.03487E+04  9.81367E+02  8.70622E-03  218.012  1.73352E-08  1.35781E-10  3.00825E-10
  82  3.13577E+04  1.03649E+03  7.44631E-03  219.282  1.55684E-08  1.10676E-10  2.94317E-10
  83  3.24259E+04  1.09990E+03  6.31828E-03  221.095  1.39026E-08  1.05649E-10  2.92553E-10
  84  3.35613E+04  1.17105E+03  5.31441E-03  223.130  1.23365E-08  1.04023E-10  2.88860E-10
  85  3.47744E+04  1.25514E+03  4.42684E-03  225.980  1.08739E-08  1.00465E-10  2.64303E-10
  86  3.60786E+04  1.35320E+03  3.64782E-03  229.584  9.50853E-09  9.54016E-11  2.27339E-10
  87  3.74888E+04  1.46715E+03  2.96971E-03  233.702  8.24426E-09  8.57338E-11  1.86288E-10
  88  3.90225E+04  1.60041E+03  2.38479E-03  238.423  7.07850E-09  7.24697E-11  1.42745E-10
  89  4.07008E+04  1.75608E+03  1.88548E-03  243.541  6.01142E-09  5.68228E-11  9.81194E-11
  90  4.25484E+04  1.93911E+03  1.46427E-03  249.068  5.04038E-09  4.19865E-11  6.07869E-11
  91  4.45955E+04  2.15518E+03  1.11385E-03  254.943  4.16290E-09  3.20466E-11  4.57451E-11
  92  4.68748E+04  2.40329E+03  8.26914E-04  259.863  3.38158E-09  2.75778E-11  3.06717E-11
  93  4.94220E+04  2.69121E+03  5.96366E-04  263.942  2.68874E-09  2.54628E-11  1.60617E-11
  94  5.22714E+04  3.00754E+03  4.15277E-04  264.747  2.08704E-09  2.06980E-11  8.61010E-12
  95  5.54632E+04  3.37599E+03  2.76896E-04  263.450  1.57006E-09  1.57694E-11  4.67646E-12
  96  5.90636E+04  3.82491E+03  1.74804E-04  260.629  1.13533E-09  1.20086E-11  2.54775E-12
  97  6.31875E+04  4.42276E+03  1.02713E-04  257.236  7.81688E-10  8.03624E-12  1.44110E-12
  98  6.80153E+04  5.23296E+03  5.47147E-05  252.900  5.01482E-10  4.32417E-12  6.37596E-13
  99  7.37783E+04  6.29305E+03  2.53192E-05  243.049  2.90831E-10  2.46864E-12  1.89115E-13
 100  8.09696E+04  8.08946E+03  9.36807E-06  231.851  1.43641E-10  1.33882E-12  7.79885E-14
