! Profile created using TESTLAY
! lat=-66.400, lon=  0.000, 1100mb alt(m)=-6.89000E+02
! input=myp47                                                                 
! Input altitudes: not supplied; calculated instead                     
! Input mixing ratios treated as relative to: dry air                   
! H2O saturation: checked & corrected if needed                         
! no altitude(m)  thickness(m) pressure(atm) temp(K) "fixed" amnt  water amnt   ozone amnt
! -- ------------ ------------ ------------ -------- ------------ ------------ ------------
regression profile 47                   
   1 -5.86100E+02  2.05799E+02  1.07120E+00  262.850  3.70572E-07  1.21000E-06  1.74558E-11
   2 -3.78816E+02  2.08769E+02  1.04269E+00  263.120  3.65502E-07  1.29902E-06  1.79547E-11
   3 -1.68530E+02  2.11803E+02  1.01458E+00  263.399  3.60397E-07  1.37966E-06  1.83579E-11
   4  4.48213E+01  2.14899E+02  9.86866E-01  263.680  3.55257E-07  1.46745E-06  1.88483E-11
   5  2.61297E+02  2.18052E+02  9.59551E-01  263.953  3.50090E-07  1.55359E-06  1.92974E-11
   6  4.80905E+02  2.21165E+02  9.32636E-01  264.104  3.44887E-07  1.65460E-06  1.97930E-11
   7  7.03578E+02  2.24182E+02  9.06124E-01  264.062  3.39656E-07  1.77851E-06  2.03604E-11
   8  9.29225E+02  2.27111E+02  8.80018E-01  263.845  3.34393E-07  1.91966E-06  2.09269E-11
   9  1.15774E+03  2.29925E+02  8.54320E-01  263.429  3.29103E-07  2.08148E-06  2.14706E-11
  10  1.38922E+03  2.33031E+02  8.29031E-01  263.273  3.23789E-07  2.25005E-06  2.20335E-11
  11  1.62403E+03  2.36586E+02  8.04152E-01  263.549  3.18457E-07  2.41408E-06  2.26762E-11
  12  1.86229E+03  2.39935E+02  7.79685E-01  263.527  3.13131E-07  2.47308E-06  2.31663E-11
  13  2.10370E+03  2.42883E+02  7.55633E-01  263.008  3.07813E-07  2.41668E-06  2.36503E-11
  14  2.34803E+03  2.45783E+02  7.31995E-01  262.371  3.02489E-07  2.33870E-06  2.41236E-11
  15  2.59520E+03  2.48561E+02  7.08772E-01  261.551  2.97159E-07  2.22359E-06  2.45011E-11
  16  2.84501E+03  2.51058E+02  6.85965E-01  260.390  2.91834E-07  2.04265E-06  2.46883E-11
  17  3.09730E+03  2.53517E+02  6.63575E-01  259.140  2.86500E-07  1.86227E-06  2.49570E-11
  18  3.35200E+03  2.55878E+02  6.41602E-01  257.744  2.81165E-07  1.67188E-06  2.51230E-11
  19  3.60888E+03  2.57877E+02  6.20048E-01  255.954  2.75826E-07  1.45851E-06  2.51144E-11
  20  3.86770E+03  2.59775E+02  5.98911E-01  254.024  2.70488E-07  1.24829E-06  2.51247E-11
  21  4.12843E+03  2.61678E+02  5.78193E-01  252.070  2.65145E-07  1.05348E-06  2.51277E-11
  22  4.39109E+03  2.63636E+02  5.57892E-01  250.134  2.59793E-07  8.98843E-07  2.51162E-11
  23  4.65571E+03  2.65612E+02  5.38010E-01  248.183  2.54441E-07  7.58949E-07  2.50386E-11
  24  4.92232E+03  2.67601E+02  5.18545E-01  246.208  2.49094E-07  6.32232E-07  2.49833E-11
  25  5.19093E+03  2.69628E+02  4.99496E-01  244.235  2.43746E-07  5.30980E-07  2.48652E-11
  26  5.46158E+03  2.71672E+02  4.80864E-01  242.242  2.38408E-07  4.39348E-07  2.46629E-11
  27  5.73428E+03  2.73719E+02  4.62647E-01  240.215  2.33079E-07  3.59305E-07  2.44706E-11
  28  6.00902E+03  2.75774E+02  4.44844E-01  238.163  2.27759E-07  2.97665E-07  2.41787E-11
  29  6.28583E+03  2.77833E+02  4.27454E-01  236.079  2.22452E-07  2.43134E-07  2.39148E-11
  30  6.56471E+03  2.79939E+02  4.10475E-01  233.999  2.17164E-07  1.97031E-07  2.36103E-11
  31  6.84573E+03  2.82090E+02  3.93906E-01  231.924  2.11889E-07  1.60420E-07  2.33482E-11
  32  7.12890E+03  2.84252E+02  3.77746E-01  229.818  2.06641E-07  1.27488E-07  2.30683E-11
  33  7.41421E+03  2.86370E+02  3.61993E-01  227.644  2.01413E-07  1.01120E-07  2.26789E-11
  34  7.70163E+03  2.88466E+02  3.46643E-01  225.418  1.96210E-07  7.88922E-08  2.23772E-11
  35  7.99111E+03  2.90492E+02  3.31696E-01  223.106  1.91034E-07  6.03661E-08  2.20674E-11
  36  8.28257E+03  2.92425E+02  3.17149E-01  220.690  1.85889E-07  4.59215E-08  2.16813E-11
  37  8.57590E+03  2.94254E+02  3.03000E-01  218.171  1.80775E-07  3.43275E-08  2.16886E-11
  38  8.87096E+03  2.95850E+02  2.89245E-01  215.452  1.75697E-07  2.78959E-08  2.26102E-11
  39  9.16754E+03  2.97327E+02  2.75882E-01  212.631  1.70653E-07  2.32388E-08  2.38007E-11
  40  9.46556E+03  2.98706E+02  2.62908E-01  209.724  1.65648E-07  1.90613E-08  2.51961E-11
  41  9.76492E+03  3.00020E+02  2.50320E-01  206.761  1.60683E-07  1.39712E-08  2.66380E-11
  42  1.00656E+04  3.01412E+02  2.38115E-01  203.837  1.55762E-07  9.60415E-09  2.80012E-11
  43  1.03678E+04  3.02853E+02  2.26289E-01  200.933  1.50884E-07  6.49267E-09  2.92273E-11
  44  1.06713E+04  3.04219E+02  2.14838E-01  197.963  1.46056E-07  4.26273E-09  3.01175E-11
  45  1.09763E+04  3.05742E+02  2.03759E-01  195.080  1.41273E-07  2.76287E-09  3.09321E-11
  46  1.12838E+04  3.09300E+02  1.93048E-01  193.445  1.36544E-07  2.14476E-09  3.27382E-11
  47  1.15963E+04  3.15706E+02  1.82701E-01  193.491  1.31867E-07  2.20002E-09  3.56881E-11
  48  1.19156E+04  3.22785E+02  1.72713E-01  193.808  1.27245E-07  2.35985E-09  3.86120E-11
  49  1.22420E+04  3.30070E+02  1.63080E-01  194.090  1.22682E-07  2.51888E-09  4.18083E-11
  50  1.25756E+04  3.37180E+02  1.53798E-01  194.118  1.18175E-07  2.52181E-09  4.68337E-11
  51  1.29163E+04  3.44262E+02  1.44861E-01  193.971  1.13732E-07  2.19546E-09  5.28447E-11
  52  1.32642E+04  3.51552E+02  1.36266E-01  193.790  1.09352E-07  1.76364E-09  5.88543E-11
  53  1.36195E+04  3.58937E+02  1.28007E-01  193.508  1.05035E-07  1.38455E-09  6.47565E-11
  54  1.39821E+04  3.66218E+02  1.20078E-01  193.009  1.00788E-07  1.13752E-09  7.15191E-11
  55  1.43520E+04  3.73675E+02  1.12475E-01  192.452  9.66081E-08  9.29697E-10  7.80813E-11
  56  1.47296E+04  3.81430E+02  1.05192E-01  191.885  9.25007E-08  7.61872E-10  8.60903E-11
  57  1.51150E+04  3.89513E+02  9.82241E-02  191.323  8.84623E-08  6.93401E-10  1.00119E-10
  58  1.55088E+04  3.97953E+02  9.15648E-02  190.761  8.45002E-08  6.57711E-10  1.15215E-10
  59  1.59111E+04  4.06744E+02  8.52085E-02  190.186  8.06144E-08  6.25805E-10  1.30023E-10
  60  1.63225E+04  4.15950E+02  7.91492E-02  189.621  7.68048E-08  5.93689E-10  1.46030E-10
  61  1.67432E+04  4.25568E+02  7.33810E-02  189.044  7.30765E-08  5.64016E-10  1.62178E-10
  62  1.71738E+04  4.35635E+02  6.78974E-02  188.465  6.94276E-08  5.33152E-10  1.79832E-10
  63  1.76147E+04  4.46219E+02  6.26921E-02  187.891  6.58629E-08  5.05096E-10  2.04250E-10
  64  1.80665E+04  4.57281E+02  5.77588E-02  187.303  6.23800E-08  4.76071E-10  2.27177E-10
  65  1.85296E+04  4.68910E+02  5.30907E-02  186.703  5.89855E-08  4.48680E-10  2.49201E-10
  66  1.90046E+04  4.81119E+02  4.86812E-02  186.092  5.56769E-08  4.21412E-10  2.69220E-10
  67  1.94921E+04  4.93955E+02  4.45233E-02  185.462  5.24578E-08  3.94482E-10  2.87119E-10
  68  1.99929E+04  5.07494E+02  4.06103E-02  184.830  4.93271E-08  3.68917E-10  3.04659E-10
  69  2.05079E+04  5.22570E+02  3.69352E-02  184.458  4.62876E-08  3.44455E-10  3.20145E-10
  70  2.10401E+04  5.41900E+02  3.34907E-02  185.220  4.33426E-08  3.22660E-10  3.35128E-10
  71  2.15930E+04  5.63893E+02  3.02696E-02  186.466  4.04908E-08  3.02708E-10  3.48885E-10
  72  2.21688E+04  5.87643E+02  2.72647E-02  187.820  3.77330E-08  2.83364E-10  3.59913E-10
  73  2.27693E+04  6.13455E+02  2.44685E-02  189.317  3.50706E-08  2.64637E-10  3.67776E-10
  74  2.33973E+04  6.42471E+02  2.18736E-02  191.219  3.25070E-08  2.46720E-10  3.72024E-10
  75  2.40557E+04  6.74215E+02  1.94725E-02  193.309  3.00399E-08  2.29906E-10  3.74426E-10
  76  2.47472E+04  7.08857E+02  1.72575E-02  195.539  2.76711E-08  2.13406E-10  3.73508E-10
  77  2.54756E+04  7.47904E+02  1.52211E-02  198.214  2.54020E-08  1.97745E-10  3.66669E-10
  78  2.62454E+04  7.91732E+02  1.33555E-02  201.301  2.32324E-08  1.83043E-10  3.55793E-10
  79  2.70614E+04  8.40312E+02  1.16530E-02  204.634  2.11636E-08  1.68914E-10  3.42844E-10
  80  2.79296E+04  8.96074E+02  1.01058E-02  208.646  1.91944E-08  1.55194E-10  3.24325E-10
  81  2.88576E+04  9.59992E+02  8.70622E-03  213.313  1.73274E-08  1.42495E-10  3.02991E-10
  82  2.98532E+04  1.03115E+03  7.44631E-03  218.203  1.55615E-08  1.29603E-10  2.79180E-10
  83  3.09235E+04  1.10940E+03  6.31828E-03  223.063  1.38964E-08  1.16790E-10  2.51823E-10
  84  3.20759E+04  1.19546E+03  5.31441E-03  227.849  1.23310E-08  1.04426E-10  2.23559E-10
  85  3.33157E+04  1.28411E+03  4.42684E-03  231.310  1.08692E-08  9.20083E-11  1.91395E-10
  86  3.46453E+04  1.37514E+03  3.64782E-03  233.441  9.50450E-09  7.99035E-11  1.58034E-10
  87  3.60685E+04  1.47121E+03  2.96971E-03  234.519  8.24080E-09  6.84497E-11  1.27523E-10
  88  3.75901E+04  1.57196E+03  2.38479E-03  234.387  7.07557E-09  5.76751E-11  1.00411E-10
  89  3.92149E+04  1.67761E+03  1.88548E-03  232.904  6.00880E-09  4.77471E-11  7.68714E-11
  90  4.09492E+04  1.79103E+03  1.46427E-03  230.334  5.03803E-09  3.87884E-11  5.69790E-11
  91  4.28042E+04  1.91905E+03  1.11385E-03  227.315  4.16069E-09  3.10604E-11  4.07238E-11
  92  4.48072E+04  2.08683E+03  8.26914E-04  225.886  3.37952E-09  2.49839E-11  2.75353E-11
  93  4.70002E+04  2.29920E+03  5.96366E-04  225.766  2.68682E-09  2.01205E-11  1.71155E-11
  94  4.94217E+04  2.54379E+03  4.15277E-04  224.168  2.08526E-09  1.58600E-11  9.86672E-12
  95  5.21086E+04  2.83014E+03  2.76896E-04  221.136  1.56849E-09  1.21440E-11  5.26114E-12
  96  5.51146E+04  3.18184E+03  1.74804E-04  217.140  1.13399E-09  8.94713E-12  2.82573E-12
  97  5.85281E+04  3.64518E+03  1.02713E-04  212.415  7.80592E-10  6.29167E-12  1.39198E-12
  98  6.24805E+04  4.25948E+03  5.47147E-05  206.358  5.00648E-10  4.11983E-12  6.12114E-13
  99  6.71562E+04  5.09207E+03  2.53192E-05  197.050  2.90124E-10  2.38814E-12  2.96303E-13
 100  7.29776E+04  6.55060E+03  9.36807E-06  188.252  1.43145E-10  1.06301E-12  1.39584E-13
