! Profile created using TESTLAY
! lat=-46.250, lon=  0.000, 1100mb alt(m)=-6.89000E+02
! input=myp23                                                                 
! Input altitudes: not supplied; calculated instead                     
! Input mixing ratios treated as relative to: dry air                   
! H2O saturation: checked & corrected if needed                         
! no altitude(m)  thickness(m) pressure(atm) temp(K) "fixed" amnt  water amnt   ozone amnt
! -- ------------ ------------ ------------ -------- ------------ ------------ ------------
regression profile 23                   
   1 -5.80791E+02  2.16419E+02  1.07120E+00  275.451  3.70094E-07  6.09486E-06  2.24299E-11
   2 -3.62676E+02  2.19811E+02  1.04269E+00  276.076  3.65040E-07  6.07821E-06  2.21236E-11
   3 -1.41131E+02  2.23278E+02  1.01458E+00  276.708  3.59951E-07  6.06001E-06  2.18152E-11
   4  8.39759E+01  2.26936E+02  9.86866E-01  277.512  3.54880E-07  5.80960E-06  2.19399E-11
   5  3.12849E+02  2.30810E+02  9.59551E-01  278.514  3.49839E-07  5.30145E-06  2.25463E-11
   6  5.45293E+02  2.34079E+02  9.32636E-01  278.698  3.44751E-07  4.86238E-06  2.33104E-11
   7  7.80478E+02  2.36292E+02  9.06124E-01  277.547  3.39615E-07  4.52968E-06  2.43292E-11
   8  1.01785E+03  2.38452E+02  8.80018E-01  276.291  3.34448E-07  4.21494E-06  2.53266E-11
   9  1.25734E+03  2.40521E+02  8.54320E-01  274.889  3.29251E-07  3.92713E-06  2.62985E-11
  10  1.49902E+03  2.42854E+02  8.29031E-01  273.772  3.24088E-07  3.39236E-06  2.70876E-11
  11  1.74328E+03  2.45662E+02  8.04152E-01  273.192  3.19004E-07  2.42075E-06  2.75756E-11
  12  1.99024E+03  2.48259E+02  7.79685E-01  272.288  3.13833E-07  1.75984E-06  2.77723E-11
  13  2.23962E+03  2.50500E+02  7.55633E-01  270.896  3.08543E-07  1.54145E-06  2.75770E-11
  14  2.49125E+03  2.52762E+02  7.31995E-01  269.480  3.03241E-07  1.33043E-06  2.73719E-11
  15  2.74510E+03  2.54943E+02  7.08772E-01  267.940  2.97919E-07  1.13791E-06  2.73047E-11
  16  3.00104E+03  2.56926E+02  6.85965E-01  266.150  2.92580E-07  9.80747E-07  2.75413E-11
  17  3.25896E+03  2.58907E+02  6.63575E-01  264.325  2.87231E-07  8.27774E-07  2.77719E-11
  18  3.51886E+03  2.60895E+02  6.41602E-01  262.469  2.81876E-07  6.88358E-07  2.79125E-11
  19  3.78074E+03  2.62864E+02  6.20048E-01  260.562  2.76498E-07  6.04002E-07  2.76738E-11
  20  4.04459E+03  2.64841E+02  5.98911E-01  258.622  2.71121E-07  5.28742E-07  2.73770E-11
  21  4.31042E+03  2.66814E+02  5.78193E-01  256.651  2.65740E-07  4.56851E-07  2.70737E-11
  22  4.57821E+03  2.68774E+02  5.57892E-01  254.634  2.60358E-07  3.99440E-07  2.67632E-11
  23  4.84796E+03  2.70731E+02  5.38010E-01  252.582  2.54978E-07  3.45938E-07  2.64465E-11
  24  5.11967E+03  2.72684E+02  5.18545E-01  250.495  2.49605E-07  2.94996E-07  2.60969E-11
  25  5.39332E+03  2.74613E+02  4.99496E-01  248.356  2.44235E-07  2.53798E-07  2.55673E-11
  26  5.66889E+03  2.76536E+02  4.80864E-01  246.180  2.38877E-07  2.15155E-07  2.50064E-11
  27  5.94637E+03  2.78408E+02  4.62647E-01  243.931  2.33527E-07  1.79438E-07  2.44984E-11
  28  6.22564E+03  2.80133E+02  4.44844E-01  241.527  2.28190E-07  1.50846E-07  2.41556E-11
  29  6.50662E+03  2.81830E+02  4.27454E-01  239.075  2.22869E-07  1.23498E-07  2.38205E-11
  30  6.78939E+03  2.83721E+02  4.10475E-01  236.760  2.17566E-07  1.01745E-07  2.33745E-11
  31  7.07418E+03  2.85847E+02  3.93906E-01  234.612  2.12279E-07  8.60673E-08  2.28068E-11
  32  7.36111E+03  2.88010E+02  3.77746E-01  232.457  2.07017E-07  7.12542E-08  2.22573E-11
  33  7.65038E+03  2.90535E+02  3.61993E-01  230.554  2.01776E-07  6.08985E-08  2.18712E-11
  34  7.94223E+03  2.93173E+02  3.46643E-01  228.697  1.96561E-07  5.19162E-08  2.15246E-11
  35  8.23676E+03  2.95874E+02  3.31696E-01  226.840  1.91374E-07  4.40969E-08  2.10867E-11
  36  8.53403E+03  2.98665E+02  3.17149E-01  225.001  1.86220E-07  3.78343E-08  2.05201E-11
  37  8.83413E+03  3.01548E+02  3.03000E-01  223.180  1.81095E-07  3.19538E-08  2.00679E-11
  38  9.13734E+03  3.04866E+02  2.89245E-01  221.622  1.76007E-07  2.72177E-08  2.02440E-11
  39  9.44393E+03  3.08312E+02  2.75882E-01  220.093  1.70953E-07  2.28175E-08  2.04932E-11
  40  9.75416E+03  3.12154E+02  2.62908E-01  218.772  1.65941E-07  1.92416E-08  2.07130E-11
  41  1.00684E+04  3.16229E+02  2.50320E-01  217.538  1.60967E-07  1.60854E-08  2.09031E-11
  42  1.03877E+04  3.22511E+02  2.38115E-01  217.699  1.56038E-07  1.34195E-08  2.10639E-11
  43  1.07144E+04  3.30885E+02  2.26289E-01  219.118  1.51153E-07  1.11748E-08  2.11952E-11
  44  1.10497E+04  3.39604E+02  2.14838E-01  220.569  1.46317E-07  9.23268E-09  2.12973E-11
  45  1.13938E+04  3.48680E+02  2.03759E-01  222.055  1.41528E-07  7.64161E-09  2.13698E-11
  46  1.17469E+04  3.57413E+02  1.93048E-01  223.123  1.36792E-07  6.31247E-09  2.76514E-11
  47  1.21083E+04  3.65461E+02  1.82701E-01  223.572  1.32109E-07  5.30937E-09  4.22348E-11
  48  1.24779E+04  3.73806E+02  1.72713E-01  224.026  1.27480E-07  4.35047E-09  5.61149E-11
  49  1.28561E+04  3.82478E+02  1.63080E-01  224.484  1.22912E-07  3.43791E-09  6.94447E-11
  50  1.32429E+04  3.91146E+02  1.53798E-01  224.760  1.18399E-07  2.75030E-09  9.20572E-11
  51  1.36384E+04  3.99975E+02  1.44861E-01  224.930  1.13950E-07  2.19614E-09  1.18902E-10
  52  1.40430E+04  4.09150E+02  1.36266E-01  225.104  1.09563E-07  1.66867E-09  1.44097E-10
  53  1.44569E+04  4.18590E+02  1.28007E-01  225.227  1.05240E-07  1.22928E-09  1.65640E-10
  54  1.48802E+04  4.28101E+02  1.20078E-01  225.179  1.00986E-07  9.97590E-10  1.79632E-10
  55  1.53133E+04  4.37972E+02  1.12475E-01  225.117  9.67998E-08  7.90717E-10  1.92047E-10
  56  1.57564E+04  4.48286E+02  1.05192E-01  225.063  9.26862E-08  6.14567E-10  2.07276E-10
  57  1.62101E+04  4.59177E+02  9.82241E-02  225.081  8.86418E-08  5.84359E-10  2.48358E-10
  58  1.66750E+04  4.70592E+02  9.15648E-02  225.114  8.46737E-08  5.81501E-10  2.91606E-10
  59  1.71515E+04  4.82516E+02  8.52085E-02  225.145  8.07814E-08  5.75138E-10  3.30551E-10
  60  1.76403E+04  4.94930E+02  7.91492E-02  225.150  7.69657E-08  5.51271E-10  3.60544E-10
  61  1.81417E+04  5.07936E+02  7.33810E-02  225.150  7.32317E-08  5.24526E-10  3.86493E-10
  62  1.86565E+04  5.21680E+02  6.78974E-02  225.200  6.95771E-08  5.09429E-10  4.12732E-10
  63  1.91856E+04  5.36514E+02  6.26921E-02  225.414  6.60068E-08  5.28736E-10  4.45811E-10
  64  1.97299E+04  5.52125E+02  5.77588E-02  225.647  6.25176E-08  5.47556E-10  4.75848E-10
  65  2.02902E+04  5.68496E+02  5.30907E-02  225.841  5.91179E-08  5.48580E-10  5.09434E-10
  66  2.08673E+04  5.85654E+02  4.86812E-02  226.006  5.58032E-08  5.36790E-10  5.44098E-10
  67  2.14620E+04  6.03725E+02  4.45233E-02  226.148  5.25789E-08  5.09825E-10  5.75304E-10
  68  2.20751E+04  6.22551E+02  4.06103E-02  226.200  4.94421E-08  4.35940E-10  6.05992E-10
  69  2.27077E+04  6.42617E+02  3.69352E-02  226.293  4.63978E-08  3.67580E-10  6.29386E-10
  70  2.33617E+04  6.65312E+02  3.34907E-02  226.858  4.34475E-08  3.45525E-10  6.24431E-10
  71  2.40393E+04  6.89838E+02  3.02696E-02  227.563  4.05901E-08  3.34062E-10  6.11516E-10
  72  2.47422E+04  7.16018E+02  2.72647E-02  228.291  3.78268E-08  3.22170E-10  5.97010E-10
  73  2.54723E+04  7.44166E+02  2.44685E-02  229.084  3.51596E-08  3.08263E-10  5.73846E-10
  74  2.62320E+04  7.75211E+02  2.18736E-02  230.148  3.25906E-08  2.84805E-10  5.08742E-10
  75  2.70240E+04  8.08754E+02  1.94725E-02  231.292  3.01185E-08  2.60797E-10  4.41294E-10
  76  2.78508E+04  8.44969E+02  1.72575E-02  232.484  2.77447E-08  2.37960E-10  3.78871E-10
  77  2.87162E+04  8.85752E+02  1.52211E-02  234.130  2.54706E-08  2.18792E-10  3.16422E-10
  78  2.96247E+04  9.31305E+02  1.33555E-02  236.158  2.32962E-08  2.02203E-10  2.55989E-10
  79  3.05809E+04  9.81082E+02  1.16530E-02  238.273  2.12226E-08  1.86202E-10  2.01545E-10
  80  3.15897E+04  1.03646E+03  1.01058E-02  240.681  1.92489E-08  1.72879E-10  1.67560E-10
  81  3.26570E+04  1.09822E+03  8.70622E-03  243.362  1.73773E-08  1.61389E-10  1.47722E-10
  82  3.37896E+04  1.16700E+03  7.44631E-03  246.260  1.56069E-08  1.49130E-10  1.28780E-10
  83  3.49969E+04  1.24757E+03  6.31828E-03  250.121  1.39377E-08  1.30132E-10  1.06679E-10
  84  3.62900E+04  1.33869E+03  5.31441E-03  254.390  1.23680E-08  1.11064E-10  8.58407E-11
  85  3.76782E+04  1.43766E+03  4.42684E-03  258.175  1.09024E-08  9.45704E-11  6.90032E-11
  86  3.91700E+04  1.54585E+03  3.64782E-03  261.582  9.53396E-09  8.01760E-11  5.52940E-11
  87  4.07770E+04  1.66818E+03  2.96971E-03  265.031  8.26682E-09  6.83228E-11  4.55509E-11
  88  4.25146E+04  1.80705E+03  2.38479E-03  268.491  7.09840E-09  5.86106E-11  3.90826E-11
  89  4.43968E+04  1.95735E+03  1.88548E-03  270.766  6.02868E-09  4.72733E-11  3.19406E-11
  90  4.64378E+04  2.12470E+03  1.46427E-03  272.216  5.05517E-09  3.75113E-11  2.51433E-11
  91  4.86578E+04  2.31529E+03  1.11385E-03  273.201  4.17533E-09  3.54827E-11  1.98969E-11
  92  5.10727E+04  2.51438E+03  8.26914E-04  271.271  3.39183E-09  3.27271E-11  1.42627E-11
  93  5.36928E+04  2.72581E+03  5.96366E-04  266.765  2.69696E-09  2.86379E-11  8.96022E-12
  94  5.65406E+04  2.96992E+03  4.15277E-04  260.823  2.09342E-09  1.98289E-11  5.96995E-12
  95  5.96542E+04  3.25716E+03  2.76896E-04  253.611  1.57483E-09  1.17035E-11  3.94516E-12
  96  6.30847E+04  3.60400E+03  1.74804E-04  245.099  1.13872E-09  7.43535E-12  2.11979E-12
  97  6.69118E+04  4.05021E+03  1.02713E-04  235.239  7.83953E-10  5.16780E-12  1.03282E-12
  98  7.12540E+04  4.63417E+03  5.47147E-05  223.728  5.02863E-10  4.08669E-12  4.85525E-13
  99  7.63198E+04  5.49729E+03  2.53192E-05  211.889  2.91571E-10  2.96425E-12  2.17240E-13
 100  8.25752E+04  7.01356E+03  9.36807E-06  200.691  1.43968E-10  1.39508E-12  1.11269E-13
