! Profile created using TESTLAY
! lat=-74.360, lon=  0.000, 1100mb alt(m)=-6.89000E+02
! input=myp32                                                                 
! Input altitudes: not supplied; calculated instead                     
! Input mixing ratios treated as relative to: dry air                   
! H2O saturation: checked & corrected if needed                         
! no altitude(m)  thickness(m) pressure(atm) temp(K) "fixed" amnt  water amnt   ozone amnt
! -- ------------ ------------ ------------ -------- ------------ ------------ ------------
regression profile 32                   
   1 -5.90764E+02  1.96472E+02  1.07120E+00  251.144  3.70617E-07  2.49960E-07  5.10491E-11
   2 -3.93061E+02  1.98933E+02  1.04269E+00  250.939  3.65566E-07  2.54046E-07  5.03535E-11
   3 -1.92877E+02  2.01436E+02  1.01458E+00  250.732  3.60481E-07  2.57997E-07  4.96530E-11
   4  9.84263E+00  2.04004E+02  9.86866E-01  250.541  3.55342E-07  3.43389E-07  5.00255E-11
   5  2.15168E+02  2.06647E+02  9.59551E-01  250.369  3.50156E-07  5.19335E-07  5.15924E-11
   6  4.23363E+02  2.09743E+02  9.32636E-01  250.684  3.44949E-07  6.44759E-07  5.31195E-11
   7  6.35019E+02  2.13569E+02  9.06124E-01  251.790  3.39737E-07  6.91962E-07  5.46011E-11
   8  8.50494E+02  2.17381E+02  8.80018E-01  252.786  3.34502E-07  7.14185E-07  5.60401E-11
   9  1.06971E+03  2.21060E+02  8.54320E-01  253.540  3.29254E-07  6.93578E-07  5.74363E-11
  10  1.29251E+03  2.24527E+02  8.29031E-01  253.955  3.23972E-07  7.31483E-07  5.87844E-11
  11  1.51854E+03  2.27531E+02  8.04152E-01  253.758  3.18646E-07  8.73852E-07  6.00813E-11
  12  1.74751E+03  2.30413E+02  7.79685E-01  253.366  3.13319E-07  9.46142E-07  6.11839E-11
  13  1.97927E+03  2.33101E+02  7.55633E-01  252.711  3.07997E-07  9.17925E-07  6.20311E-11
  14  2.21374E+03  2.35836E+02  7.31995E-01  252.045  3.02664E-07  8.89124E-07  6.28356E-11
  15  2.45092E+03  2.38532E+02  7.08772E-01  251.285  2.97317E-07  8.48339E-07  6.36274E-11
  16  2.69073E+03  2.41095E+02  6.85965E-01  250.332  2.91969E-07  7.81686E-07  6.44421E-11
  17  2.93312E+03  2.43688E+02  6.63575E-01  249.358  2.86612E-07  7.15209E-07  6.52131E-11
  18  3.17814E+03  2.46343E+02  6.41602E-01  248.390  2.81249E-07  6.53099E-07  6.59016E-11
  19  3.42588E+03  2.49143E+02  6.20048E-01  247.515  2.75874E-07  6.07970E-07  6.63619E-11
  20  3.67646E+03  2.52010E+02  5.98911E-01  246.643  2.70500E-07  5.65877E-07  6.67552E-11
  21  3.92991E+03  2.54890E+02  5.78193E-01  245.725  2.65125E-07  5.22070E-07  6.71296E-11
  22  4.18614E+03  2.57571E+02  5.57892E-01  244.563  2.59754E-07  4.61241E-07  6.76317E-11
  23  4.44504E+03  2.60237E+02  5.38010E-01  243.336  2.54387E-07  3.98108E-07  6.81201E-11
  24  4.70660E+03  2.62875E+02  5.18545E-01  242.026  2.49028E-07  3.37102E-07  6.94384E-11
  25  4.97058E+03  2.65089E+02  4.99496E-01  240.285  2.43672E-07  2.81792E-07  7.63318E-11
  26  5.23674E+03  2.67233E+02  4.80864E-01  238.440  2.38328E-07  2.28636E-07  8.40125E-11
  27  5.50499E+03  2.69265E+02  4.62647E-01  236.459  2.32994E-07  1.81032E-07  9.29702E-11
  28  5.77508E+03  2.70900E+02  4.44844E-01  234.101  2.27670E-07  1.47919E-07  1.06520E-10
  29  6.04677E+03  2.72484E+02  4.27454E-01  231.678  2.22360E-07  1.16731E-07  1.19969E-10
  30  6.32013E+03  2.74250E+02  4.10475E-01  229.383  2.17071E-07  9.06640E-08  1.33981E-10
  31  6.59537E+03  2.76229E+02  3.93906E-01  227.244  2.11794E-07  7.01409E-08  1.48644E-10
  32  6.87262E+03  2.78263E+02  3.77746E-01  225.110  2.06546E-07  5.10504E-08  1.62574E-10
  33  7.15217E+03  2.80837E+02  3.61993E-01  223.375  2.01316E-07  4.06592E-08  1.74300E-10
  34  7.43438E+03  2.83582E+02  3.46643E-01  221.727  1.96113E-07  3.27409E-08  1.85064E-10
  35  7.71952E+03  2.86695E+02  3.31696E-01  220.311  1.90938E-07  2.62822E-08  1.95304E-10
  36  8.00805E+03  2.90375E+02  3.17149E-01  219.262  1.85793E-07  2.18157E-08  2.05018E-10
  37  8.30036E+03  2.94248E+02  3.03000E-01  218.282  1.80679E-07  1.77317E-08  2.15318E-10
  38  8.59692E+03  2.98875E+02  2.89245E-01  217.768  1.75603E-07  1.50058E-08  2.31315E-10
  39  8.89823E+03  3.03737E+02  2.75882E-01  217.327  1.70561E-07  1.25786E-08  2.47517E-10
  40  9.20455E+03  3.08895E+02  2.62908E-01  216.987  1.65559E-07  1.06074E-08  2.64216E-10
  41  9.51613E+03  3.14271E+02  2.50320E-01  216.689  1.60597E-07  8.86831E-09  2.80566E-10
  42  9.83304E+03  3.19553E+02  2.38115E-01  216.212  1.55679E-07  7.39903E-09  2.95946E-10
  43  1.01552E+04  3.24758E+02  2.26289E-01  215.571  1.50804E-07  6.16152E-09  3.10344E-10
  44  1.04826E+04  3.30122E+02  2.14838E-01  214.920  1.45979E-07  5.09076E-09  3.23768E-10
  45  1.08155E+04  3.35640E+02  2.03759E-01  214.259  1.41200E-07  4.21332E-09  3.36203E-10
  46  1.11540E+04  3.41400E+02  1.93048E-01  213.630  1.36474E-07  3.48036E-09  3.66159E-10
  47  1.14985E+04  3.47448E+02  1.82701E-01  213.055  1.31802E-07  2.92725E-09  4.19844E-10
  48  1.18490E+04  3.53683E+02  1.72713E-01  212.468  1.27183E-07  2.39848E-09  4.70538E-10
  49  1.22059E+04  3.60122E+02  1.63080E-01  211.865  1.22624E-07  1.89582E-09  5.18047E-10
  50  1.25692E+04  3.66447E+02  1.53798E-01  211.071  1.18120E-07  1.54141E-09  5.62334E-10
  51  1.29388E+04  3.72812E+02  1.44861E-01  210.156  1.13681E-07  1.27266E-09  6.03445E-10
  52  1.33149E+04  3.79370E+02  1.36266E-01  209.222  1.09303E-07  1.01652E-09  6.41357E-10
  53  1.36977E+04  3.86063E+02  1.28007E-01  208.227  1.04989E-07  8.28496E-10  6.76094E-10
  54  1.40871E+04  3.92746E+02  1.20078E-01  207.083  1.00745E-07  8.16736E-10  7.07697E-10
  55  1.44832E+04  3.99619E+02  1.12475E-01  205.904  9.65674E-08  8.15894E-10  7.36143E-10
  56  1.48864E+04  4.06734E+02  1.05192E-01  204.703  9.24621E-08  8.18679E-10  7.63180E-10
  57  1.52969E+04  4.14163E+02  9.82241E-02  203.518  8.84262E-08  8.55054E-10  7.98778E-10
  58  1.57149E+04  4.21876E+02  9.15648E-02  202.312  8.44666E-08  8.94242E-10  8.32738E-10
  59  1.61408E+04  4.29869E+02  8.52085E-02  201.082  8.05826E-08  9.18442E-10  8.62618E-10
  60  1.65748E+04  4.38216E+02  7.91492E-02  199.854  7.67744E-08  8.67104E-10  8.88447E-10
  61  1.70174E+04  4.46904E+02  7.33810E-02  198.602  7.30485E-08  8.03356E-10  9.10327E-10
  62  1.74690E+04  4.56402E+02  6.78974E-02  197.522  6.94022E-08  7.42128E-10  9.29849E-10
  63  1.79312E+04  4.67902E+02  6.26921E-02  197.090  6.58395E-08  6.83447E-10  9.50343E-10
  64  1.84051E+04  4.80055E+02  5.77588E-02  196.701  6.23573E-08  6.27221E-10  9.66949E-10
  65  1.88914E+04  4.92447E+02  5.30907E-02  196.142  5.89652E-08  5.66258E-10  9.94009E-10
  66  1.93902E+04  5.05117E+02  4.86812E-02  195.443  5.56574E-08  5.02961E-10  1.02653E-09
  67  1.99018E+04  5.18213E+02  4.45233E-02  194.639  5.24400E-08  4.41996E-10  1.05284E-09
  68  2.04265E+04  5.31152E+02  4.06103E-02  193.512  4.93113E-08  3.80427E-10  1.07302E-09
  69  2.09645E+04  5.44895E+02  3.69352E-02  192.407  4.62729E-08  3.26864E-10  1.08309E-09
  70  2.15179E+04  5.61760E+02  3.34907E-02  192.077  4.33292E-08  3.16548E-10  1.04985E-09
  71  2.20889E+04  5.80248E+02  3.02696E-02  191.946  4.04783E-08  3.15372E-10  1.00604E-09
  72  2.26790E+04  5.99902E+02  2.72647E-02  191.811  3.77215E-08  3.12828E-10  9.61867E-10
  73  2.32892E+04  6.20605E+02  2.44685E-02  191.600  3.50602E-08  3.07675E-10  9.19376E-10
  74  2.39201E+04  6.41246E+02  2.18736E-02  190.939  3.24971E-08  2.93941E-10  8.87798E-10
  75  2.45723E+04  6.62992E+02  1.94725E-02  190.177  3.00308E-08  2.78827E-10  8.56390E-10
  76  2.52469E+04  6.86268E+02  1.72575E-02  189.397  2.76626E-08  2.63648E-10  8.23125E-10
  77  2.59490E+04  7.18033E+02  1.52211E-02  190.362  2.53940E-08  2.38497E-10  7.69515E-10
  78  2.66869E+04  7.57768E+02  1.33555E-02  192.735  2.32248E-08  2.07713E-10  7.03783E-10
  79  2.74665E+04  8.01297E+02  1.16530E-02  195.210  2.11565E-08  1.79342E-10  6.41105E-10
  80  2.82918E+04  8.49283E+02  1.01058E-02  197.837  1.91877E-08  1.56456E-10  5.81445E-10
  81  2.91676E+04  9.02449E+02  8.70622E-03  200.622  1.73210E-08  1.37701E-10  5.24880E-10
  82  3.01000E+04  9.62293E+02  7.44631E-03  203.721  1.55554E-08  1.20472E-10  4.70002E-10
  83  3.10999E+04  1.03749E+03  6.31828E-03  208.678  1.38908E-08  1.05733E-10  4.06800E-10
  84  3.21807E+04  1.12415E+03  5.31441E-03  214.326  1.23257E-08  9.23581E-11  3.46294E-10
  85  3.33518E+04  1.21812E+03  4.42684E-03  219.490  1.08643E-08  8.08090E-11  2.91621E-10
  86  3.46214E+04  1.32097E+03  3.64782E-03  224.295  9.50003E-09  7.06616E-11  2.42427E-10
  87  3.60005E+04  1.43720E+03  2.96971E-03  229.136  8.23677E-09  6.18295E-11  1.98586E-10
  88  3.75037E+04  1.56924E+03  2.38479E-03  233.989  7.07207E-09  5.41506E-11  1.59791E-10
  89  3.91479E+04  1.71917E+03  1.88548E-03  238.657  6.00588E-09  4.69617E-11  1.22832E-10
  90  4.09537E+04  1.89249E+03  1.46427E-03  243.324  5.03566E-09  4.08923E-11  9.04226E-11
  91  4.29482E+04  2.09636E+03  1.11385E-03  248.241  4.15893E-09  3.79763E-11  6.65107E-11
  92  4.51653E+04  2.33791E+03  8.26914E-04  253.022  3.37830E-09  3.28425E-11  4.52632E-11
  93  4.76461E+04  2.62377E+03  5.96366E-04  257.579  2.68608E-09  2.64726E-11  2.71586E-11
  94  5.04102E+04  2.90443E+03  4.15277E-04  256.053  2.08491E-09  1.99324E-11  1.44870E-11
  95  5.34646E+04  3.20426E+03  2.76896E-04  250.500  1.56840E-09  1.40525E-11  6.70087E-12
  96  5.68387E+04  3.54391E+03  1.74804E-04  242.014  1.13406E-09  9.27938E-12  4.12202E-12
  97  6.05996E+04  3.97795E+03  1.02713E-04  232.012  7.80726E-10  6.39279E-12  2.46403E-12
  98  6.48610E+04  4.54478E+03  5.47147E-05  220.342  5.00783E-10  4.09512E-12  1.16032E-12
  99  6.98260E+04  5.38537E+03  2.53192E-05  208.459  2.90355E-10  2.02800E-12  3.92168E-13
 100  7.59508E+04  6.86409E+03  9.36807E-06  197.261  1.43362E-10  9.80215E-13  2.05092E-13
