! Profile created using TESTLAY
! lat= 68.920, lon=  0.000, 1100mb alt(m)=-6.89000E+02
! input=myp22                                                                 
! Input altitudes: not supplied; calculated instead                     
! Input mixing ratios treated as relative to: dry air                   
! H2O saturation: checked & corrected if needed                         
! no altitude(m)  thickness(m) pressure(atm) temp(K) "fixed" amnt  water amnt   ozone amnt
! -- ------------ ------------ ------------ -------- ------------ ------------ ------------
regression profile 22                   
   1 -5.80388E+02  2.17224E+02  1.07120E+00  277.168  3.69814E-07  4.30181E-06  3.83654E-11
   2 -3.61291E+02  2.20969E+02  1.04269E+00  278.176  3.64660E-07  4.77203E-06  3.87486E-11
   3 -1.38405E+02  2.24804E+02  1.01458E+00  279.198  3.59472E-07  5.23430E-06  3.91153E-11
   4  8.83615E+01  2.28730E+02  9.86866E-01  280.234  3.54251E-07  5.68830E-06  3.94649E-11
   5  3.19103E+02  2.32753E+02  9.59551E-01  281.283  3.49005E-07  6.13384E-06  3.97978E-11
   6  5.53970E+02  2.36982E+02  9.32636E-01  282.464  3.43703E-07  6.68495E-06  4.02817E-11
   7  7.93210E+02  2.41498E+02  9.06124E-01  283.847  3.38340E-07  7.40690E-06  4.10136E-11
   8  1.03701E+03  2.46111E+02  8.80018E-01  285.220  3.32939E-07  8.17213E-06  4.17207E-11
   9  1.28547E+03  2.50803E+02  8.54320E-01  286.551  3.27496E-07  9.02311E-06  4.23962E-11
  10  1.53810E+03  2.54447E+02  8.29031E-01  286.652  3.22160E-07  9.30366E-06  4.29010E-11
  11  1.79334E+03  2.56043E+02  8.04152E-01  284.505  3.17028E-07  8.59097E-06  4.31249E-11
  12  2.05015E+03  2.57585E+02  7.79685E-01  282.277  3.11875E-07  7.89646E-06  4.40576E-11
  13  2.30851E+03  2.59118E+02  7.55633E-01  280.018  3.06691E-07  7.25429E-06  4.60000E-11
  14  2.56839E+03  2.60645E+02  7.31995E-01  277.726  3.01494E-07  6.62288E-06  4.78927E-11
  15  2.82985E+03  2.62276E+02  7.08772E-01  275.537  2.96289E-07  5.95572E-06  4.96646E-11
  16  3.09307E+03  2.64172E+02  6.85965E-01  273.612  2.91097E-07  5.20050E-06  5.12469E-11
  17  3.35820E+03  2.66081E+02  6.63575E-01  271.669  2.85892E-07  4.45641E-06  5.27656E-11
  18  3.62525E+03  2.68026E+02  6.41602E-01  269.731  2.80678E-07  3.73269E-06  5.42272E-11
  19  3.89433E+03  2.70138E+02  6.20048E-01  267.931  2.75446E-07  3.04979E-06  5.56355E-11
  20  4.16555E+03  2.72291E+02  5.98911E-01  266.127  2.70213E-07  2.38575E-06  5.69845E-11
  21  4.43892E+03  2.74455E+02  5.78193E-01  264.297  2.64966E-07  1.77010E-06  5.83174E-11
  22  4.71448E+03  2.76661E+02  5.57892E-01  262.438  2.59662E-07  1.40771E-06  5.99245E-11
  23  4.99225E+03  2.78883E+02  5.38010E-01  260.551  2.54347E-07  1.10262E-06  6.15266E-11
  24  5.27224E+03  2.81098E+02  5.18545E-01  258.613  2.49037E-07  8.22618E-07  6.29193E-11
  25  5.55438E+03  2.83187E+02  4.99496E-01  256.510  2.43705E-07  6.62298E-07  6.33767E-11
  26  5.83860E+03  2.85250E+02  4.80864E-01  254.347  2.38378E-07  5.26479E-07  6.36289E-11
  27  6.12486E+03  2.87273E+02  4.62647E-01  252.115  2.33057E-07  4.08184E-07  6.56001E-11
  28  6.41308E+03  2.89167E+02  4.44844E-01  249.733  2.27741E-07  3.37347E-07  7.30758E-11
  29  6.70318E+03  2.91036E+02  4.27454E-01  247.302  2.22438E-07  2.71845E-07  8.07100E-11
  30  6.99519E+03  2.92972E+02  4.10475E-01  244.897  2.17153E-07  2.19727E-07  9.00595E-11
  31  7.28917E+03  2.94983E+02  3.93906E-01  242.528  2.11879E-07  1.82138E-07  1.01314E-10
  32  7.58516E+03  2.97004E+02  3.77746E-01  240.131  2.06633E-07  1.46687E-07  1.12139E-10
  33  7.88324E+03  2.99164E+02  3.61993E-01  237.815  2.01404E-07  1.22403E-07  1.22516E-10
  34  8.18351E+03  3.01362E+02  3.46643E-01  235.494  1.96203E-07  1.01537E-07  1.32446E-10
  35  8.48596E+03  3.03552E+02  3.31696E-01  233.134  1.91028E-07  8.34279E-08  1.40196E-10
  36  8.79061E+03  3.05738E+02  3.17149E-01  230.734  1.85883E-07  6.90092E-08  1.45008E-10
  37  9.09761E+03  3.08263E+02  3.03000E-01  228.548  1.80770E-07  5.58312E-08  1.50616E-10
  38  9.40815E+03  3.12814E+02  2.89245E-01  227.795  1.75692E-07  4.72101E-08  1.62154E-10
  39  9.72347E+03  3.17831E+02  2.75882E-01  227.281  1.70649E-07  3.95743E-08  1.74080E-10
  40  1.00442E+04  3.23552E+02  2.62908E-01  227.149  1.65647E-07  3.33708E-08  1.85365E-10
  41  1.03708E+04  3.29696E+02  2.50320E-01  227.191  1.60684E-07  2.78963E-08  1.95999E-10
  42  1.07037E+04  3.36042E+02  2.38115E-01  227.233  1.55764E-07  2.32720E-08  2.05988E-10
  43  1.10430E+04  3.42599E+02  2.26289E-01  227.275  1.50888E-07  1.93782E-08  2.15326E-10
  44  1.13890E+04  3.49375E+02  2.14838E-01  227.317  1.46061E-07  1.60106E-08  2.24014E-10
  45  1.17418E+04  3.56376E+02  2.03759E-01  227.356  1.41281E-07  1.32537E-08  2.32048E-10
  46  1.21018E+04  3.63631E+02  1.93048E-01  227.399  1.36554E-07  1.09499E-08  2.52306E-10
  47  1.24692E+04  3.71148E+02  1.82701E-01  227.446  1.31880E-07  9.20980E-09  2.89102E-10
  48  1.28443E+04  3.78937E+02  1.72713E-01  227.494  1.27260E-07  7.54640E-09  3.23854E-10
  49  1.32273E+04  3.87019E+02  1.63080E-01  227.543  1.22699E-07  5.96412E-09  3.56442E-10
  50  1.36185E+04  3.95390E+02  1.53798E-01  227.591  1.18194E-07  4.80800E-09  3.87965E-10
  51  1.40182E+04  4.04094E+02  1.44861E-01  227.639  1.13753E-07  3.90131E-09  4.17874E-10
  52  1.44268E+04  4.13135E+02  1.36266E-01  227.689  1.09374E-07  3.03779E-09  4.45497E-10
  53  1.48446E+04  4.22533E+02  1.28007E-01  227.740  1.05058E-07  2.29883E-09  4.70838E-10
  54  1.52721E+04  4.32329E+02  1.20078E-01  227.794  1.00812E-07  1.84297E-09  4.93933E-10
  55  1.57095E+04  4.42529E+02  1.12475E-01  227.850  9.66332E-08  1.42784E-09  5.14766E-10
  56  1.61574E+04  4.53171E+02  1.05192E-01  227.907  9.25266E-08  1.06424E-09  5.37629E-10
  57  1.66161E+04  4.64255E+02  9.82241E-02  227.963  8.84890E-08  9.22176E-10  5.87509E-10
  58  1.70861E+04  4.75844E+02  9.15648E-02  228.019  8.45278E-08  8.26622E-10  6.38742E-10
  59  1.75680E+04  4.87961E+02  8.52085E-02  228.078  8.06424E-08  7.45998E-10  6.84382E-10
  60  1.80623E+04  5.00643E+02  7.91492E-02  228.140  7.68335E-08  7.40920E-10  7.19800E-10
  61  1.85696E+04  5.13945E+02  7.33810E-02  228.205  7.31061E-08  7.48342E-10  7.49930E-10
  62  1.90906E+04  5.27953E+02  6.78974E-02  228.297  6.94582E-08  7.31169E-10  7.66463E-10
  63  1.96260E+04  5.42883E+02  6.26921E-02  228.480  6.58942E-08  6.44112E-10  7.50048E-10
  64  2.01767E+04  5.58576E+02  5.77588E-02  228.674  6.24108E-08  5.56713E-10  7.30634E-10
  65  2.07435E+04  5.75082E+02  5.30907E-02  228.849  5.90168E-08  4.92878E-10  7.39884E-10
  66  2.13273E+04  5.92426E+02  4.86812E-02  229.009  5.57081E-08  4.46310E-10  7.67835E-10
  67  2.19289E+04  6.10732E+02  4.45233E-02  229.162  5.24897E-08  4.13876E-10  7.90834E-10
  68  2.25492E+04  6.29947E+02  4.06103E-02  229.275  4.93585E-08  4.21456E-10  8.08927E-10
  69  2.31894E+04  6.50328E+02  3.69352E-02  229.399  4.63189E-08  4.25655E-10  8.18084E-10
  70  2.38507E+04  6.72316E+02  3.34907E-02  229.639  4.33738E-08  3.88101E-10  7.84447E-10
  71  2.45347E+04  6.95779E+02  3.02696E-02  229.916  4.05213E-08  3.42905E-10  7.41289E-10
  72  2.52430E+04  7.20783E+02  2.72647E-02  230.202  3.77632E-08  3.00610E-10  6.98957E-10
  73  2.59772E+04  7.47701E+02  2.44685E-02  230.565  3.51002E-08  2.63776E-10  6.57482E-10
  74  2.67401E+04  7.77979E+02  2.18736E-02  231.361  3.25357E-08  2.44493E-10  6.16957E-10
  75  2.75345E+04  8.10760E+02  1.94725E-02  232.260  3.00677E-08  2.28348E-10  5.77361E-10
  76  2.83629E+04  8.46109E+02  1.72575E-02  233.195  2.76978E-08  2.12729E-10  5.38745E-10
  77  2.92287E+04  8.85412E+02  1.52211E-02  234.442  2.54276E-08  2.08852E-10  5.01159E-10
  78  3.01358E+04  9.28896E+02  1.33555E-02  235.952  2.32568E-08  2.11874E-10  4.64630E-10
  79  3.10884E+04  9.76336E+02  1.16530E-02  237.529  2.11867E-08  2.12767E-10  4.29190E-10
  80  3.20916E+04  1.03002E+03  1.01058E-02  239.593  1.92163E-08  2.02225E-10  3.90675E-10
  81  3.31519E+04  1.09064E+03  8.70622E-03  242.093  1.73480E-08  1.84334E-10  3.50923E-10
  82  3.42761E+04  1.15777E+03  7.44631E-03  244.734  1.55804E-08  1.65567E-10  3.12948E-10
  83  3.54717E+04  1.23335E+03  6.31828E-03  247.707  1.39139E-08  1.33917E-10  2.72733E-10
  84  3.67473E+04  1.31793E+03  5.31441E-03  250.888  1.23470E-08  1.02701E-10  2.34629E-10
  85  3.81132E+04  1.41385E+03  4.42684E-03  254.332  1.08837E-08  8.08779E-11  1.93124E-10
  86  3.95813E+04  1.52240E+03  3.64782E-03  258.051  9.51759E-09  6.56869E-11  1.51246E-10
  87  4.11653E+04  1.64548E+03  2.96971E-03  261.870  8.25253E-09  6.19130E-11  1.06953E-10
  88  4.28809E+04  1.78573E+03  2.38479E-03  265.775  7.08608E-09  6.69357E-11  6.23421E-11
  89  4.47445E+04  1.94155E+03  1.88548E-03  269.023  6.01817E-09  6.57984E-11  4.24688E-11
  90  4.67745E+04  2.11838E+03  1.46427E-03  271.849  5.04633E-09  5.95610E-11  3.47286E-11
  91  4.89947E+04  2.32200E+03  1.11385E-03  274.433  4.16802E-09  4.49443E-11  2.79101E-11
  92  5.14238E+04  2.53627E+03  8.26914E-04  274.070  3.38592E-09  3.12742E-11  2.21164E-11
  93  5.40747E+04  2.76551E+03  5.96366E-04  271.079  2.69229E-09  2.00926E-11  1.70828E-11
  94  5.69661E+04  3.01719E+03  4.15277E-04  265.439  2.08981E-09  1.31490E-11  1.07539E-11
  95  6.01269E+04  3.30442E+03  2.76896E-04  257.756  1.57214E-09  8.75996E-12  5.59440E-12
  96  6.36008E+04  3.64335E+03  1.74804E-04  248.237  1.13679E-09  6.45993E-12  3.10900E-12
  97  6.74603E+04  4.07563E+03  1.02713E-04  237.173  7.82633E-10  5.94108E-12  1.71188E-12
  98  7.18169E+04  4.63769E+03  5.47147E-05  224.335  5.02019E-10  5.21632E-12  8.71990E-13
  99  7.68829E+04  5.49427E+03  2.53192E-05  212.129  2.91080E-10  2.97786E-12  3.79438E-13
 100  8.31351E+04  7.01014E+03  9.36807E-06  200.931  1.43725E-10  1.41397E-12  1.46229E-13
