! Profile created using TESTLAY
! lat= 60.000, lon=  0.000, 1100mb alt(m)=-6.89000E+02
! input=myp4                                                                  
! Input altitudes: not supplied; calculated instead                     
! Input mixing ratios treated as relative to: dry air                   
! H2O saturation: checked & corrected if needed                         
! no altitude(m)  thickness(m) pressure(atm) temp(K) "fixed" amnt  water amnt   ozone amnt
! -- ------------ ------------ ------------ -------- ------------ ------------ ------------
regression profile 4                    
   1 -5.74670E+02  2.28659E+02  1.07120E+00  290.508  3.67802E-07  1.42697E-05  2.12050E-11
   2 -3.45010E+02  2.30661E+02  1.04269E+00  289.269  3.62963E-07  1.33325E-05  2.21227E-11
   3 -1.13340E+02  2.32679E+02  1.01458E+00  288.014  3.58087E-07  1.24052E-05  2.30200E-11
   4  1.20355E+02  2.34712E+02  9.86866E-01  286.742  3.53173E-07  1.14884E-05  2.38962E-11
   5  3.56092E+02  2.36762E+02  9.59551E-01  285.453  3.48229E-07  1.05826E-05  2.47511E-11
   6  5.93886E+02  2.38827E+02  9.32636E-01  284.146  3.43250E-07  9.68818E-06  2.55837E-11
   7  8.33756E+02  2.40911E+02  9.06124E-01  282.822  3.38245E-07  8.80583E-06  2.63939E-11
   8  1.07573E+03  2.43028E+02  8.80018E-01  281.491  3.33195E-07  8.00274E-06  2.71321E-11
   9  1.31985E+03  2.45216E+02  8.54320E-01  280.179  3.28070E-07  7.42757E-06  2.76901E-11
  10  1.56617E+03  2.47430E+02  8.29031E-01  278.852  3.22917E-07  6.87748E-06  2.82155E-11
  11  1.81472E+03  2.49664E+02  8.04152E-01  277.506  3.17743E-07  6.33525E-06  2.87205E-11
  12  2.06551E+03  2.51923E+02  7.79685E-01  276.146  3.12549E-07  5.80361E-06  2.92304E-11
  13  2.31858E+03  2.54220E+02  7.55633E-01  274.786  3.07332E-07  5.28959E-06  2.98157E-11
  14  2.57396E+03  2.56545E+02  7.31995E-01  273.409  3.02103E-07  4.78501E-06  3.03869E-11
  15  2.83168E+03  2.58889E+02  7.08772E-01  272.012  2.96856E-07  4.28908E-06  3.09332E-11
  16  3.09176E+03  2.61268E+02  6.85965E-01  270.604  2.91592E-07  3.83087E-06  3.14919E-11
  17  3.35425E+03  2.63706E+02  6.63575E-01  269.201  2.86299E-07  3.45923E-06  3.21253E-11
  18  3.61919E+03  2.66173E+02  6.41602E-01  267.778  2.81000E-07  3.09912E-06  3.27358E-11
  19  3.88660E+03  2.68660E+02  6.20048E-01  266.335  2.75690E-07  2.74599E-06  3.33164E-11
  20  4.15653E+03  2.71193E+02  5.98911E-01  264.880  2.70375E-07  2.42617E-06  3.40838E-11
  21  4.42901E+03  2.73768E+02  5.78193E-01  263.415  2.65050E-07  2.14667E-06  3.50947E-11
  22  4.70408E+03  2.76369E+02  5.57892E-01  261.929  2.59722E-07  1.87338E-06  3.60634E-11
  23  4.98175E+03  2.78978E+02  5.38010E-01  260.402  2.54395E-07  1.60868E-06  3.70184E-11
  24  5.26189E+03  2.81302E+02  5.18545E-01  258.556  2.49068E-07  1.39022E-06  3.84300E-11
  25  5.54430E+03  2.83522E+02  4.99496E-01  256.574  2.43740E-07  1.19106E-06  3.99577E-11
  26  5.82894E+03  2.85749E+02  4.80864E-01  254.562  2.38423E-07  9.96831E-07  4.14196E-11
  27  6.11582E+03  2.88015E+02  4.62647E-01  252.542  2.33110E-07  8.29491E-07  4.27509E-11
  28  6.40501E+03  2.90360E+02  4.44844E-01  250.546  2.27801E-07  7.13451E-07  4.38812E-11
  29  6.69655E+03  2.92717E+02  4.27454E-01  248.520  2.22505E-07  6.02115E-07  4.49440E-11
  30  6.99045E+03  2.95087E+02  4.10475E-01  246.464  2.17229E-07  4.95224E-07  4.59618E-11
  31  7.28675E+03  2.97521E+02  3.93906E-01  244.421  2.11963E-07  4.09244E-07  4.71397E-11
  32  7.58551E+03  2.99989E+02  3.77746E-01  242.358  2.06723E-07  3.31369E-07  4.83170E-11
  33  7.88673E+03  3.02463E+02  3.61993E-01  240.261  2.01503E-07  2.55858E-07  4.94192E-11
  34  8.19045E+03  3.04967E+02  3.46643E-01  238.142  1.96307E-07  1.94139E-07  5.34449E-11
  35  8.49668E+03  3.07500E+02  3.31696E-01  236.002  1.91137E-07  1.45601E-07  6.02248E-11
  36  8.80545E+03  3.10042E+02  3.17149E-01  233.825  1.85996E-07  9.86974E-08  6.67106E-11
  37  9.11679E+03  3.12622E+02  3.03000E-01  231.632  1.80886E-07  6.20688E-08  7.26445E-11
  38  9.43074E+03  3.15286E+02  2.89245E-01  229.451  1.75807E-07  4.63045E-08  7.77126E-11
  39  9.74736E+03  3.17960E+02  2.75882E-01  227.234  1.70762E-07  3.19175E-08  8.24874E-11
  40  1.00670E+04  3.21234E+02  2.62908E-01  225.383  1.65757E-07  1.96467E-08  8.87818E-11
  41  1.03911E+04  3.27016E+02  2.50320E-01  225.200  1.60791E-07  1.42075E-08  1.01952E-10
  42  1.07212E+04  3.33246E+02  2.38115E-01  225.200  1.55867E-07  9.65753E-09  1.15232E-10
  43  1.10577E+04  3.39684E+02  2.26289E-01  225.200  1.50988E-07  5.77467E-09  1.27580E-10
  44  1.14007E+04  3.46341E+02  2.14838E-01  225.200  1.46158E-07  4.28843E-09  1.38148E-10
  45  1.17505E+04  3.53223E+02  2.03759E-01  225.200  1.41376E-07  3.15346E-09  1.47934E-10
  46  1.21073E+04  3.60342E+02  1.93048E-01  225.200  1.36644E-07  2.25442E-09  1.56604E-10
  47  1.24713E+04  3.67716E+02  1.82701E-01  225.200  1.31966E-07  1.93634E-09  1.63274E-10
  48  1.28428E+04  3.75350E+02  1.72713E-01  225.200  1.27342E-07  1.66600E-09  1.69310E-10
  49  1.32221E+04  3.83274E+02  1.63080E-01  225.200  1.22778E-07  1.47694E-09  1.75396E-10
  50  1.36095E+04  3.91482E+02  1.53798E-01  225.200  1.18270E-07  1.36620E-09  1.81500E-10
  51  1.40053E+04  4.00016E+02  1.44861E-01  225.200  1.13826E-07  1.26411E-09  1.87047E-10
  52  1.44097E+04  4.08876E+02  1.36266E-01  225.200  1.09443E-07  1.20599E-09  1.92293E-10
  53  1.48232E+04  4.18084E+02  1.28007E-01  225.200  1.05125E-07  1.15841E-09  1.97007E-10
  54  1.52461E+04  4.27677E+02  1.20078E-01  225.200  1.00876E-07  1.11159E-09  2.03940E-10
  55  1.56787E+04  4.37657E+02  1.12475E-01  225.200  9.66942E-08  1.06551E-09  2.12437E-10
  56  1.61216E+04  4.48068E+02  1.05192E-01  225.200  9.25846E-08  1.02158E-09  2.20085E-10
  57  1.65751E+04  4.58915E+02  9.82241E-02  225.200  8.85444E-08  9.82254E-10  2.26999E-10
  58  1.70397E+04  4.70254E+02  9.15648E-02  225.200  8.45807E-08  9.46432E-10  2.35087E-10
  59  1.75159E+04  4.82107E+02  8.52085E-02  225.200  8.06933E-08  9.26800E-10  2.54095E-10
  60  1.80042E+04  4.94498E+02  7.91492E-02  225.200  7.68814E-08  9.08399E-10  2.74120E-10
  61  1.85051E+04  5.07492E+02  7.33810E-02  225.200  7.31514E-08  8.85313E-10  2.99529E-10
  62  1.90194E+04  5.21107E+02  6.78974E-02  225.200  6.95008E-08  8.59730E-10  3.23919E-10
  63  1.95477E+04  5.35412E+02  6.26921E-02  225.200  6.59342E-08  8.26602E-10  3.45713E-10
  64  2.00906E+04  5.50426E+02  5.77588E-02  225.200  6.24491E-08  7.92253E-10  3.68130E-10
  65  2.06490E+04  5.66256E+02  5.30907E-02  225.200  5.90528E-08  7.58211E-10  4.00906E-10
  66  2.12236E+04  5.82920E+02  4.86812E-02  225.200  5.57417E-08  7.24492E-10  4.31196E-10
  67  2.18153E+04  6.00531E+02  4.45233E-02  225.200  5.25210E-08  6.91139E-10  4.57488E-10
  68  2.24251E+04  6.19123E+02  4.06103E-02  225.200  4.93882E-08  6.54628E-10  4.69752E-10
  69  2.30543E+04  6.39164E+02  3.69352E-02  225.321  4.63470E-08  6.16619E-10  4.74089E-10
  70  2.37051E+04  6.62449E+02  3.34907E-02  226.129  4.33994E-08  5.79054E-10  4.82046E-10
  71  2.43801E+04  6.87711E+02  3.02696E-02  227.109  4.05452E-08  5.43618E-10  4.80491E-10
  72  2.50813E+04  7.14707E+02  2.72647E-02  228.122  3.77852E-08  5.09913E-10  4.69907E-10
  73  2.58102E+04  7.43061E+02  2.44685E-02  228.997  3.51208E-08  4.75581E-10  4.59322E-10
  74  2.65685E+04  7.73447E+02  2.18736E-02  229.878  3.25547E-08  4.42197E-10  4.47577E-10
  75  2.73583E+04  8.06170E+02  1.94725E-02  230.810  3.00852E-08  4.09960E-10  4.34117E-10
  76  2.81827E+04  8.42547E+02  1.72575E-02  232.072  2.77141E-08  3.78920E-10  4.12626E-10
  77  2.90451E+04  8.82355E+02  1.52211E-02  233.496  2.54424E-08  3.49077E-10  3.88545E-10
  78  2.99491E+04  9.25730E+02  1.33555E-02  235.009  2.32703E-08  3.20329E-10  3.66407E-10
  79  3.08990E+04  9.74074E+02  1.16530E-02  236.837  2.11990E-08  2.91999E-10  3.57731E-10
  80  3.18997E+04  1.02721E+03  1.01058E-02  238.805  1.92274E-08  2.64841E-10  3.49984E-10
  81  3.29571E+04  1.08765E+03  8.70622E-03  241.282  1.73580E-08  2.39092E-10  3.36708E-10
  82  3.40796E+04  1.15723E+03  7.44631E-03  244.472  1.55894E-08  2.14731E-10  3.17674E-10
  83  3.52757E+04  1.23501E+03  6.31828E-03  247.888  1.39220E-08  1.91763E-10  2.95036E-10
  84  3.65546E+04  1.32288E+03  5.31441E-03  251.674  1.23542E-08  1.70169E-10  2.64118E-10
  85  3.79273E+04  1.42254E+03  4.42684E-03  255.735  1.08901E-08  1.50002E-10  2.29957E-10
  86  3.94065E+04  1.53577E+03  3.64782E-03  260.152  9.52320E-09  1.31174E-10  1.89033E-10
  87  4.10072E+04  1.66576E+03  2.96971E-03  264.919  8.25742E-09  1.13739E-10  1.45355E-10
  88  4.27465E+04  1.81271E+03  2.38479E-03  269.634  7.09031E-09  9.76632E-11  1.04076E-10
  89  4.46381E+04  1.97055E+03  1.88548E-03  272.872  6.02183E-09  8.29457E-11  7.30594E-11
  90  4.66966E+04  2.14650E+03  1.46427E-03  275.299  5.04944E-09  6.95473E-11  4.92946E-11
  91  4.89412E+04  2.34271E+03  1.11385E-03  276.746  4.17063E-09  5.71306E-11  3.23426E-11
  92  5.13923E+04  2.55936E+03  8.26914E-04  276.361  3.38805E-09  4.59558E-11  2.13726E-11
  93  5.40737E+04  2.80351E+03  5.96366E-04  274.588  2.69400E-09  3.61305E-11  1.38319E-11
  94  5.70093E+04  3.06762E+03  4.15277E-04  269.690  2.09118E-09  2.71700E-11  8.69324E-12
  95  6.02188E+04  3.35140E+03  2.76896E-04  261.356  1.57319E-09  1.94072E-11  5.19283E-12
  96  6.37022E+04  3.61553E+03  1.74804E-04  246.440  1.13756E-09  1.29893E-11  2.87342E-12
  97  6.74778E+04  3.93557E+03  1.02713E-04  229.188  7.83145E-10  7.94101E-12  1.33239E-12
  98  7.16137E+04  4.33630E+03  5.47147E-05  210.069  5.02317E-10  4.33092E-12  4.77101E-13
  99  7.62216E+04  4.87940E+03  2.53192E-05  189.092  2.90949E-10  2.05325E-12  1.62289E-13
 100  8.16094E+04  5.89616E+03  9.36807E-06  169.392  1.43503E-10  7.43591E-13  1.21264E-13
