! Profile created using TESTLAY
! lat= 45.000, lon=  0.000, 1100mb alt(m)=-6.89000E+02
! input=myp11                                                                 
! Input altitudes: not supplied; calculated instead                     
! Input mixing ratios treated as relative to: dry air                   
! H2O saturation: checked & corrected if needed                         
! no altitude(m)  thickness(m) pressure(atm) temp(K) "fixed" amnt  water amnt   ozone amnt
! -- ------------ ------------ ------------ -------- ------------ ------------ ------------
regression profile 11                   
   1 -5.79161E+02  2.19679E+02  1.07120E+00  279.692  3.70399E-07  4.93113E-06  2.49586E-11
   2 -3.58480E+02  2.21682E+02  1.04269E+00  278.530  3.65371E-07  4.80220E-06  2.61235E-11
   3 -1.35788E+02  2.23703E+02  1.01458E+00  277.352  3.60306E-07  4.67370E-06  2.72638E-11
   4  8.89339E+01  2.25741E+02  9.86866E-01  276.159  3.55207E-07  4.54569E-06  2.83788E-11
   5  3.15704E+02  2.27800E+02  9.59551E-01  274.950  3.50079E-07  4.41828E-06  2.94680E-11
   6  5.44542E+02  2.29875E+02  9.32636E-01  273.724  3.44920E-07  4.29159E-06  3.05311E-11
   7  7.75466E+02  2.31973E+02  9.06124E-01  272.484  3.39737E-07  4.16105E-06  3.15688E-11
   8  1.00850E+03  2.34086E+02  8.80018E-01  271.224  3.34532E-07  4.00909E-06  3.25767E-11
   9  1.24365E+03  2.36216E+02  8.54320E-01  269.947  3.29304E-07  3.85563E-06  3.35555E-11
  10  1.48089E+03  2.38269E+02  8.29031E-01  268.551  3.24076E-07  3.60528E-06  3.40266E-11
  11  1.72011E+03  2.40184E+02  8.04152E-01  266.982  3.18860E-07  3.21178E-06  3.37638E-11
  12  1.96126E+03  2.42106E+02  7.79685E-01  265.390  3.13626E-07  2.82315E-06  3.34859E-11
  13  2.20433E+03  2.44038E+02  7.55633E-01  263.776  3.08372E-07  2.44106E-06  3.31991E-11
  14  2.44934E+03  2.45984E+02  7.31995E-01  262.140  3.03107E-07  2.06580E-06  3.29046E-11
  15  2.69630E+03  2.47934E+02  7.08772E-01  260.481  2.97822E-07  1.69757E-06  3.26021E-11
  16  2.94525E+03  2.49958E+02  6.85965E-01  258.856  2.92515E-07  1.39598E-06  3.25839E-11
  17  3.19631E+03  2.52171E+02  6.63575E-01  257.369  2.87160E-07  1.26174E-06  3.33434E-11
  18  3.44960E+03  2.54413E+02  6.41602E-01  255.867  2.81800E-07  1.13919E-06  3.41194E-11
  19  3.70515E+03  2.56667E+02  6.20048E-01  254.343  2.76430E-07  1.01890E-06  3.48615E-11
  20  3.96295E+03  2.58948E+02  5.98911E-01  252.796  2.71062E-07  9.01244E-07  3.55704E-11
  21  4.22305E+03  2.61243E+02  5.78193E-01  251.226  2.65691E-07  7.86174E-07  3.62447E-11
  22  4.48545E+03  2.63558E+02  5.57892E-01  249.632  2.60319E-07  6.73591E-07  3.68834E-11
  23  4.75017E+03  2.65891E+02  5.38010E-01  248.015  2.54951E-07  5.63526E-07  3.74867E-11
  24  5.01724E+03  2.68244E+02  5.18545E-01  246.372  2.49589E-07  4.56090E-07  3.80539E-11
  25  5.28667E+03  2.70611E+02  4.99496E-01  244.702  2.44233E-07  3.52316E-07  3.85879E-11
  26  5.55841E+03  2.72872E+02  4.80864E-01  242.888  2.38879E-07  2.88840E-07  3.92339E-11
  27  5.83238E+03  2.75079E+02  4.62647E-01  240.984  2.33530E-07  2.46283E-07  3.99144E-11
  28  6.10857E+03  2.77295E+02  4.44844E-01  239.052  2.28196E-07  2.04359E-07  4.05493E-11
  29  6.38698E+03  2.79518E+02  4.27454E-01  237.089  2.22877E-07  1.63595E-07  4.11390E-11
  30  6.66761E+03  2.81746E+02  4.10475E-01  235.089  2.17578E-07  1.24442E-07  4.16855E-11
  31  6.95057E+03  2.84169E+02  3.93906E-01  233.215  2.12294E-07  9.02174E-08  4.22624E-11
  32  7.23644E+03  2.87581E+02  3.77746E-01  232.089  2.07032E-07  7.44080E-08  4.31581E-11
  33  7.52583E+03  2.91188E+02  3.61993E-01  231.052  2.01791E-07  6.14083E-08  4.40410E-11
  34  7.81885E+03  2.94868E+02  3.46643E-01  229.998  1.96578E-07  4.88299E-08  4.48605E-11
  35  8.11560E+03  2.98620E+02  3.31696E-01  228.926  1.91392E-07  3.68351E-08  4.56157E-11
  36  8.41613E+03  3.02450E+02  3.17149E-01  227.835  1.86236E-07  2.52836E-08  4.63064E-11
  37  8.72054E+03  3.06360E+02  3.03000E-01  226.724  1.81114E-07  1.41380E-08  4.69324E-11
  38  9.02991E+03  3.12375E+02  2.89245E-01  227.053  1.76026E-07  8.18000E-09  4.80368E-11
  39  9.34642E+03  3.20649E+02  2.75882E-01  228.869  1.70973E-07  7.15831E-09  4.95904E-11
  40  9.67137E+03  3.29244E+02  2.62908E-01  230.718  1.65959E-07  6.17056E-09  5.10348E-11
  41  1.00051E+04  3.38127E+02  2.50320E-01  232.569  1.60985E-07  5.22025E-09  5.24578E-11
  42  1.03471E+04  3.45911E+02  2.38115E-01  233.478  1.56056E-07  4.39764E-09  5.63683E-11
  43  1.06967E+04  3.53288E+02  2.26289E-01  233.934  1.51172E-07  3.64903E-09  6.12588E-11
  44  1.10538E+04  3.60930E+02  2.14838E-01  234.400  1.46336E-07  2.92941E-09  6.58653E-11
  45  1.14187E+04  3.68845E+02  2.03759E-01  234.874  1.41547E-07  2.23895E-09  7.01857E-11
  46  1.17913E+04  3.76484E+02  1.93048E-01  235.002  1.36811E-07  1.72637E-09  7.65562E-11
  47  1.21714E+04  3.83572E+02  1.82701E-01  234.624  1.32129E-07  1.44159E-09  8.57591E-11
  48  1.25586E+04  3.90886E+02  1.72713E-01  234.233  1.27500E-07  1.17043E-09  9.44222E-11
  49  1.29533E+04  3.98459E+02  1.63080E-01  233.834  1.22931E-07  9.11306E-10  1.02522E-10
  50  1.33556E+04  4.06283E+02  1.53798E-01  233.426  1.18417E-07  6.64219E-10  1.10053E-10
  51  1.37661E+04  4.14581E+02  1.44861E-01  233.110  1.13968E-07  4.86820E-10  1.37677E-10
  52  1.41851E+04  4.23487E+02  1.36266E-01  232.956  1.09581E-07  4.12637E-10  1.97351E-10
  53  1.46132E+04  4.32736E+02  1.28007E-01  232.801  1.05258E-07  3.55327E-10  2.53974E-10
  54  1.50508E+04  4.42363E+02  1.20078E-01  232.641  1.01004E-07  3.07685E-10  3.06926E-10
  55  1.54981E+04  4.52374E+02  1.12475E-01  232.479  9.68171E-08  2.68955E-10  3.56174E-10
  56  1.59557E+04  4.62812E+02  1.05192E-01  232.316  9.27025E-08  2.55379E-10  4.01705E-10
  57  1.64240E+04  4.73669E+02  9.82241E-02  232.145  8.86577E-08  2.43398E-10  4.42307E-10
  58  1.69033E+04  4.84963E+02  9.15648E-02  231.948  8.46891E-08  2.27938E-10  4.73710E-10
  59  1.73941E+04  4.96752E+02  8.52085E-02  231.745  8.07969E-08  2.12672E-10  5.01299E-10
  60  1.78970E+04  5.09070E+02  7.91492E-02  231.539  7.69809E-08  2.00200E-10  5.25868E-10
  61  1.84126E+04  5.21975E+02  7.33810E-02  231.328  7.32464E-08  1.88915E-10  5.47457E-10
  62  1.89414E+04  5.35617E+02  6.78974E-02  231.169  6.95918E-08  1.80120E-10  5.57541E-10
  63  1.94843E+04  5.50303E+02  6.26921E-02  231.160  6.60208E-08  1.77142E-10  5.43091E-10
  64  2.00423E+04  5.65730E+02  5.77588E-02  231.160  6.25309E-08  1.82072E-10  5.26952E-10
  65  2.06162E+04  5.82008E+02  5.30907E-02  231.160  5.91308E-08  2.01807E-10  5.10568E-10
  66  2.12069E+04  5.99428E+02  4.86812E-02  231.270  5.58154E-08  2.12872E-10  4.96351E-10
  67  2.18161E+04  6.18857E+02  4.45233E-02  231.762  5.25907E-08  1.99922E-10  4.89776E-10
  68  2.24453E+04  6.39508E+02  4.06103E-02  232.302  4.94540E-08  1.85545E-10  4.82639E-10
  69  2.30957E+04  6.61428E+02  3.69352E-02  232.859  4.64089E-08  1.71747E-10  4.74283E-10
  70  2.37688E+04  6.84758E+02  3.34907E-02  233.434  4.34579E-08  1.58532E-10  4.64768E-10
  71  2.44660E+04  7.09707E+02  3.02696E-02  234.059  4.06001E-08  1.47009E-10  4.53996E-10
  72  2.51900E+04  7.38119E+02  2.72647E-02  235.270  3.78369E-08  1.54252E-10  4.40013E-10
  73  2.59436E+04  7.69242E+02  2.44685E-02  236.736  3.51690E-08  1.60195E-10  4.24504E-10
  74  2.67296E+04  8.02760E+02  2.18736E-02  238.258  3.25995E-08  1.38193E-10  4.08376E-10
  75  2.75504E+04  8.38807E+02  1.94725E-02  239.816  3.01270E-08  1.18474E-10  3.92131E-10
  76  2.84086E+04  8.77479E+02  1.72575E-02  241.356  2.77528E-08  1.14142E-10  3.77030E-10
  77  2.93070E+04  9.19371E+02  1.52211E-02  242.948  2.54783E-08  1.10840E-10  3.61380E-10
  78  3.02491E+04  9.64908E+02  1.33555E-02  244.608  2.33035E-08  1.05952E-10  3.45058E-10
  79  3.12389E+04  1.01460E+03  1.16530E-02  246.339  2.12296E-08  1.00455E-10  3.28151E-10
  80  3.22807E+04  1.06907E+03  1.01058E-02  248.179  1.92553E-08  9.46212E-11  3.10646E-10
  81  3.33807E+04  1.13088E+03  8.70622E-03  250.517  1.73833E-08  8.61984E-11  2.91995E-10
  82  3.45460E+04  1.19980E+03  7.44631E-03  253.103  1.56124E-08  7.74206E-11  2.72910E-10
  83  3.57850E+04  1.27812E+03  6.31828E-03  256.166  1.39426E-08  7.01434E-11  2.53729E-10
  84  3.71076E+04  1.36715E+03  5.31441E-03  259.713  1.23727E-08  6.40007E-11  2.34417E-10
  85  3.85258E+04  1.46922E+03  4.42684E-03  263.731  1.09065E-08  5.85294E-11  2.03292E-10
  86  4.00533E+04  1.58567E+03  3.64782E-03  268.196  9.53776E-09  5.18212E-11  1.66689E-10
  87  4.17048E+04  1.71734E+03  2.96971E-03  272.720  8.27021E-09  4.33818E-11  1.34319E-10
  88  4.34926E+04  1.85842E+03  2.38479E-03  276.017  7.10136E-09  3.61360E-11  1.05980E-10
  89  4.54304E+04  2.01699E+03  1.88548E-03  278.882  6.03133E-09  2.96364E-11  8.11200E-11
  90  4.75350E+04  2.19240E+03  1.46427E-03  280.747  5.05750E-09  2.39540E-11  5.89600E-11
  91  4.98297E+04  2.39682E+03  1.11385E-03  282.662  4.17733E-09  2.03600E-11  4.05426E-11
  92  5.23360E+04  2.61593E+03  8.26914E-04  282.040  3.39356E-09  1.70609E-11  2.61461E-11
  93  5.50714E+04  2.85474E+03  5.96366E-04  279.171  2.69842E-09  1.39157E-11  1.51404E-11
  94  5.80584E+04  3.11934E+03  4.15277E-04  273.823  2.09465E-09  1.11739E-11  8.37893E-12
  95  6.13208E+04  3.40544E+03  2.76896E-04  265.028  1.57583E-09  8.78851E-12  4.89832E-12
  96  6.48950E+04  3.74291E+03  1.74804E-04  254.495  1.13949E-09  6.52228E-12  2.50807E-12
  97  6.88419E+04  4.15103E+03  1.02713E-04  241.052  7.84512E-10  4.35434E-12  1.13675E-12
  98  7.32810E+04  4.72703E+03  5.47147E-05  228.030  5.03137E-10  2.76807E-12  3.84788E-13
  99  7.84636E+04  5.63815E+03  2.53192E-05  217.086  2.91191E-10  1.57438E-12  1.93990E-13
 100  8.48747E+04  7.18416E+03  9.36807E-06  205.427  1.44026E-10  7.53659E-13  1.13612E-13
