! Profile created using TESTLAY
! lat= 38.000, lon=  0.000, 1100mb alt(m)=-6.89000E+02
! input=myp38                                                                 
! Input altitudes: not supplied; calculated instead                     
! Input mixing ratios treated as relative to: dry air                   
! H2O saturation: checked & corrected if needed                         
! no altitude(m)  thickness(m) pressure(atm) temp(K) "fixed" amnt  water amnt   ozone amnt
! -- ------------ ------------ ------------ -------- ------------ ------------ ------------
regression profile 38                   
   1 -5.86733E+02  2.04534E+02  1.07120E+00  260.624  3.71516E-07  1.03181E-06  1.59966E-11
   2 -3.81964E+02  2.05004E+02  1.04269E+00  257.793  3.66484E-07  8.94927E-07  1.58645E-11
   3 -1.76745E+02  2.05432E+02  1.01458E+00  254.924  3.61416E-07  7.56539E-07  1.56476E-11
   4  2.88793E+01  2.05817E+02  9.86866E-01  252.013  3.56312E-07  6.25098E-07  1.55001E-11
   5  2.34868E+02  2.06159E+02  9.59551E-01  249.064  3.51180E-07  4.95450E-07  1.53145E-11
   6  4.41174E+02  2.06454E+02  9.32636E-01  246.074  3.46015E-07  3.68992E-07  1.51178E-11
   7  6.47799E+02  2.06796E+02  9.06124E-01  243.150  3.40824E-07  2.50622E-07  1.49320E-11
   8  8.55113E+02  2.07831E+02  8.80018E-01  241.040  3.35596E-07  1.71259E-07  1.48458E-11
   9  1.06405E+03  2.10053E+02  8.54320E-01  240.277  3.30332E-07  1.50588E-07  1.49254E-11
  10  1.27535E+03  2.12529E+02  8.29031E-01  239.752  3.25045E-07  1.40326E-07  1.50411E-11
  11  1.48914E+03  2.15056E+02  8.04152E-01  239.229  3.19737E-07  1.30701E-07  1.51798E-11
  12  1.70548E+03  2.17617E+02  7.79685E-01  238.692  3.14412E-07  1.20555E-07  1.52421E-11
  13  1.92440E+03  2.20225E+02  7.55633E-01  238.150  3.09068E-07  1.10703E-07  1.53267E-11
  14  2.14595E+03  2.22879E+02  7.31995E-01  237.597  3.03715E-07  1.01075E-07  1.54210E-11
  15  2.37015E+03  2.25523E+02  7.08772E-01  236.981  2.98344E-07  9.24483E-08  1.55262E-11
  16  2.59693E+03  2.28029E+02  6.85965E-01  236.164  2.92966E-07  8.69697E-08  1.56989E-11
  17  2.82619E+03  2.30503E+02  6.63575E-01  235.262  2.87577E-07  8.31496E-08  1.59714E-11
  18  3.05795E+03  2.33010E+02  6.41602E-01  234.341  2.82185E-07  7.92659E-08  1.62007E-11
  19  3.29223E+03  2.35546E+02  6.20048E-01  233.402  2.76784E-07  7.52076E-08  1.63776E-11
  20  3.52906E+03  2.38128E+02  5.98911E-01  232.451  2.71385E-07  7.13989E-08  1.65822E-11
  21  3.76850E+03  2.40745E+02  5.78193E-01  231.483  2.65985E-07  6.76752E-08  1.67862E-11
  22  4.01058E+03  2.43410E+02  5.57892E-01  230.510  2.60584E-07  6.39637E-08  1.69703E-11
  23  4.25534E+03  2.46107E+02  5.38010E-01  229.512  2.55187E-07  6.01695E-08  1.71100E-11
  24  4.50282E+03  2.48852E+02  5.18545E-01  228.501  2.49799E-07  5.65718E-08  1.72733E-11
  25  4.75306E+03  2.51636E+02  4.99496E-01  227.472  2.44415E-07  5.30274E-08  1.74313E-11
  26  5.00611E+03  2.54470E+02  4.80864E-01  226.431  2.39044E-07  4.94254E-08  1.75429E-11
  27  5.26202E+03  2.57350E+02  4.62647E-01  225.373  2.33683E-07  4.59816E-08  1.76701E-11
  28  5.52084E+03  2.60281E+02  4.44844E-01  224.302  2.28337E-07  4.25212E-08  1.77587E-11
  29  5.78261E+03  2.63257E+02  4.27454E-01  223.210  2.23005E-07  3.92013E-08  1.78692E-11
  30  6.04737E+03  2.66276E+02  4.10475E-01  222.093  2.17694E-07  3.58826E-08  1.79384E-11
  31  6.31519E+03  2.69350E+02  3.93906E-01  220.963  2.12399E-07  3.27065E-08  1.80329E-11
  32  6.58610E+03  2.72488E+02  3.77746E-01  219.821  2.07131E-07  2.95883E-08  1.81079E-11
  33  6.86018E+03  2.75659E+02  3.61993E-01  218.642  2.01886E-07  2.64793E-08  1.81121E-11
  34  7.13740E+03  2.78789E+02  3.46643E-01  217.369  1.96667E-07  2.39998E-08  1.82621E-11
  35  7.41772E+03  2.81849E+02  3.31696E-01  215.982  1.91475E-07  2.20712E-08  1.84979E-11
  36  7.70111E+03  2.84936E+02  3.17149E-01  214.553  1.86316E-07  2.01754E-08  1.86512E-11
  37  7.98762E+03  2.88071E+02  3.03000E-01  213.104  1.81187E-07  1.84032E-08  1.88539E-11
  38  8.27729E+03  2.91263E+02  2.89245E-01  211.632  1.76095E-07  1.66516E-08  1.90062E-11
  39  8.57017E+03  2.94500E+02  2.75882E-01  210.133  1.71038E-07  1.49433E-08  1.91341E-11
  40  8.86631E+03  2.97782E+02  2.62908E-01  208.603  1.66021E-07  1.32845E-08  1.92445E-11
  41  9.16576E+03  3.01115E+02  2.50320E-01  207.044  1.61045E-07  1.16792E-08  1.93330E-11
  42  9.46857E+03  3.04506E+02  2.38115E-01  205.462  1.56112E-07  1.01254E-08  1.93997E-11
  43  9.77479E+03  3.07941E+02  2.26289E-01  203.844  1.51224E-07  8.61358E-09  1.94279E-11
  44  1.00845E+04  3.11432E+02  2.14838E-01  202.194  1.46384E-07  7.10875E-09  1.92996E-11
  45  1.03977E+04  3.14974E+02  2.03759E-01  200.514  1.41591E-07  5.66349E-09  1.90967E-11
  46  1.07145E+04  3.18579E+02  1.93048E-01  198.803  1.36852E-07  4.30844E-09  1.89140E-11
  47  1.10349E+04  3.22350E+02  1.82701E-01  197.125  1.32165E-07  3.07386E-09  1.88119E-11
  48  1.13596E+04  3.27070E+02  1.72713E-01  195.943  1.27533E-07  2.28775E-09  1.96266E-11
  49  1.16897E+04  3.33084E+02  1.63080E-01  195.422  1.22960E-07  2.02086E-09  2.16167E-11
  50  1.20260E+04  3.39479E+02  1.53798E-01  195.001  1.18443E-07  1.83539E-09  2.36218E-11
  51  1.23688E+04  3.46107E+02  1.44861E-01  194.570  1.13991E-07  1.65674E-09  2.54533E-11
  52  1.27183E+04  3.52951E+02  1.36266E-01  194.122  1.09600E-07  1.49087E-09  2.72178E-11
  53  1.30748E+04  3.60055E+02  1.28007E-01  193.671  1.05274E-07  1.32661E-09  2.87235E-11
  54  1.34386E+04  3.67434E+02  1.20078E-01  193.211  1.01017E-07  1.17224E-09  3.01250E-11
  55  1.38098E+04  3.75088E+02  1.12475E-01  192.742  9.68275E-08  1.02476E-09  3.13614E-11
  56  1.41889E+04  3.83046E+02  1.05192E-01  192.260  9.27108E-08  8.85394E-10  3.24601E-11
  57  1.45761E+04  3.91294E+02  9.82241E-02  191.763  8.86629E-08  7.53941E-10  3.34452E-11
  58  1.49717E+04  3.99996E+02  9.15648E-02  191.305  8.46920E-08  6.35847E-10  3.44873E-11
  59  1.53766E+04  4.09737E+02  8.52085E-02  191.147  8.07977E-08  5.70032E-10  3.70102E-11
  60  1.57918E+04  4.20639E+02  7.91492E-02  191.319  7.69795E-08  5.50009E-10  4.07514E-11
  61  1.62182E+04  4.32174E+02  7.33810E-02  191.539  7.32423E-08  5.37605E-10  4.44740E-11
  62  1.66564E+04  4.44271E+02  6.78974E-02  191.760  6.95856E-08  5.22814E-10  4.76624E-11
  63  1.71070E+04  4.57008E+02  6.26921E-02  191.990  6.60136E-08  5.09655E-10  5.06649E-11
  64  1.75707E+04  4.70391E+02  5.77588E-02  192.228  6.25222E-08  4.94327E-10  5.31401E-11
  65  1.80482E+04  4.84520E+02  5.30907E-02  192.469  5.91211E-08  4.79482E-10  5.53430E-11
  66  1.85402E+04  4.99469E+02  4.86812E-02  192.740  5.58047E-08  4.63750E-10  5.76658E-11
  67  1.90480E+04  5.16127E+02  4.45233E-02  193.328  5.25787E-08  4.48215E-10  6.72995E-11
  68  1.95745E+04  5.36998E+02  4.06103E-02  195.103  4.94410E-08  4.36436E-10  1.03987E-10
  69  2.01233E+04  5.60533E+02  3.69352E-02  197.381  4.63953E-08  4.25247E-10  1.47747E-10
  70  2.06965E+04  5.85895E+02  3.34907E-02  199.780  4.34438E-08  4.13338E-10  1.88468E-10
  71  2.12960E+04  6.13113E+02  3.02696E-02  202.258  4.05858E-08  4.01548E-10  2.25621E-10
  72  2.19238E+04  6.42375E+02  2.72647E-02  204.819  3.78223E-08  3.89202E-10  2.58818E-10
  73  2.25819E+04  6.73932E+02  2.44685E-02  207.478  3.51543E-08  3.75971E-10  2.87912E-10
  74  2.32729E+04  7.08115E+02  2.18736E-02  210.247  3.25850E-08  3.60417E-10  3.11681E-10
  75  2.39997E+04  7.45357E+02  1.94725E-02  213.184  3.01126E-08  3.40911E-10  3.29102E-10
  76  2.47653E+04  7.85852E+02  1.72575E-02  216.244  2.77388E-08  3.20075E-10  3.42072E-10
  77  2.55732E+04  8.30010E+02  1.52211E-02  219.431  2.54649E-08  2.99503E-10  3.51750E-10
  78  2.64273E+04  8.78240E+02  1.33555E-02  222.741  2.32904E-08  2.79663E-10  3.58629E-10
  79  2.73319E+04  9.30812E+02  1.16530E-02  226.111  2.12171E-08  2.60463E-10  3.62252E-10
  80  2.82903E+04  9.86002E+02  1.01058E-02  229.025  1.92435E-08  2.42488E-10  3.60874E-10
  81  2.93057E+04  1.04494E+03  8.70622E-03  231.622  1.73722E-08  2.26195E-10  3.56433E-10
  82  3.03831E+04  1.10986E+03  7.44631E-03  234.280  1.56021E-08  2.09217E-10  3.47596E-10
  83  3.15291E+04  1.18210E+03  6.31828E-03  237.088  1.39329E-08  1.91877E-10  3.34882E-10
  84  3.27520E+04  1.26362E+03  5.31441E-03  240.218  1.23638E-08  1.73611E-10  3.15910E-10
  85  3.40626E+04  1.35760E+03  4.42684E-03  243.881  1.08983E-08  1.53529E-10  2.88114E-10
  86  3.54734E+04  1.46409E+03  3.64782E-03  247.833  9.53019E-09  1.34286E-10  2.59462E-10
  87  3.69980E+04  1.58513E+03  2.96971E-03  251.929  8.26333E-09  1.16252E-10  2.28987E-10
  88  3.86506E+04  1.71994E+03  2.38479E-03  255.659  7.09518E-09  9.85453E-11  1.85483E-10
  89  4.04471E+04  1.87302E+03  1.88548E-03  259.182  6.02580E-09  8.19648E-11  1.38694E-10
  90  4.24072E+04  2.04731E+03  1.46427E-03  262.410  5.05263E-09  6.73731E-11  9.80318E-11
  91  4.45461E+04  2.23043E+03  1.11385E-03  263.344  4.17311E-09  5.58152E-11  6.34253E-11
  92  4.68799E+04  2.43713E+03  8.26914E-04  262.986  3.38996E-09  4.64892E-11  3.71009E-11
  93  4.94402E+04  2.68356E+03  5.96366E-04  262.649  2.69542E-09  3.73096E-11  2.26006E-11
  94  5.22774E+04  2.99087E+03  4.15277E-04  262.600  2.09221E-09  2.82878E-11  1.67932E-11
  95  5.54591E+04  3.37248E+03  2.76896E-04  262.465  1.57395E-09  2.17067E-11  1.10500E-11
  96  5.90607E+04  3.83079E+03  1.74804E-04  260.475  1.13815E-09  1.64049E-11  5.58641E-12
  97  6.31454E+04  4.33851E+03  1.02713E-04  251.980  7.83619E-10  1.05954E-11  2.61214E-12
  98  6.78207E+04  5.01205E+03  5.47147E-05  242.113  5.02703E-10  6.13751E-12  1.01867E-12
  99  7.32312E+04  5.80909E+03  2.53192E-05  224.197  2.91381E-10  2.78211E-12  3.88428E-13
 100  7.98135E+04  7.35550E+03  9.36807E-06  211.105  1.43798E-10  9.46466E-13  1.89025E-13
