! Profile created using TESTLAY
! lat=-65.950, lon=  0.000, 1100mb alt(m)=-6.89000E+02
! input=myp31                                                                 
! Input altitudes: not supplied; calculated instead                     
! Input mixing ratios treated as relative to: dry air                   
! H2O saturation: checked & corrected if needed                         
! no altitude(m)  thickness(m) pressure(atm) temp(K) "fixed" amnt  water amnt   ozone amnt
! -- ------------ ------------ ------------ -------- ------------ ------------ ------------
regression profile 31                   
   1 -5.89920E+02  1.98161E+02  1.07120E+00  253.092  3.70598E-07  1.14189E-06  3.57326E-11
   2 -3.90197E+02  2.01284E+02  1.04269E+00  253.685  3.65525E-07  1.23773E-06  3.52435E-11
   3 -1.87316E+02  2.04477E+02  1.01458E+00  254.286  3.60417E-07  1.33184E-06  3.47510E-11
   4  1.88957E+01  2.07947E+02  9.86866E-01  255.145  3.55273E-07  1.43347E-06  3.42550E-11
   5  2.28738E+02  2.11738E+02  9.59551E-01  256.304  3.50099E-07  1.54364E-06  3.37561E-11
   6  4.42149E+02  2.15085E+02  9.32636E-01  256.847  3.44910E-07  1.58418E-06  3.34309E-11
   7  6.58511E+02  2.17640E+02  9.06124E-01  256.379  3.39721E-07  1.51657E-06  3.33807E-11
   8  8.77369E+02  2.20076E+02  8.80018E-01  255.720  3.34506E-07  1.44231E-06  3.31669E-11
   9  1.09854E+03  2.22271E+02  8.54320E-01  254.734  3.29270E-07  1.35837E-06  3.26549E-11
  10  1.32186E+03  2.24357E+02  8.29031E-01  253.583  3.24018E-07  1.25100E-06  3.22951E-11
  11  1.54715E+03  2.26227E+02  8.04152E-01  252.155  3.18755E-07  1.10223E-06  3.22171E-11
  12  1.77447E+03  2.28421E+02  7.79685E-01  251.044  3.13468E-07  9.85248E-07  3.22815E-11
  13  2.00423E+03  2.31099E+02  7.55633E-01  250.415  3.08153E-07  9.13274E-07  3.25407E-11
  14  2.23670E+03  2.33831E+02  7.31995E-01  249.781  3.02827E-07  8.42760E-07  3.27837E-11
  15  2.47184E+03  2.36464E+02  7.08772E-01  248.991  2.97483E-07  7.74000E-07  3.30639E-11
  16  2.70949E+03  2.38830E+02  6.85965E-01  247.866  2.92132E-07  7.07781E-07  3.34461E-11
  17  2.94951E+03  2.41214E+02  6.63575E-01  246.712  2.86770E-07  6.42760E-07  3.38095E-11
  18  3.19190E+03  2.43568E+02  6.41602E-01  245.480  2.81406E-07  5.77582E-07  3.41502E-11
  19  3.43650E+03  2.45628E+02  6.20048E-01  243.916  2.76034E-07  5.06889E-07  3.44670E-11
  20  3.68315E+03  2.47662E+02  5.98911E-01  242.284  2.70664E-07  4.36702E-07  3.47604E-11
  21  3.93182E+03  2.49689E+02  5.78193E-01  240.613  2.65291E-07  3.69439E-07  3.50289E-11
  22  4.18248E+03  2.51620E+02  5.57892E-01  238.815  2.59916E-07  3.13929E-07  3.52689E-11
  23  4.43505E+03  2.53532E+02  5.38010E-01  236.969  2.54542E-07  2.61782E-07  3.54833E-11
  24  4.68954E+03  2.55442E+02  5.18545E-01  235.086  2.49178E-07  2.12642E-07  3.63594E-11
  25  4.94591E+03  2.57302E+02  4.99496E-01  233.127  2.43815E-07  1.76024E-07  4.16034E-11
  26  5.20414E+03  2.59153E+02  4.80864E-01  231.129  2.38465E-07  1.42381E-07  4.74766E-11
  27  5.46429E+03  2.61155E+02  4.62647E-01  229.234  2.33122E-07  1.13003E-07  5.31440E-11
  28  5.72671E+03  2.63668E+02  4.44844E-01  227.748  2.27790E-07  9.51685E-08  5.85856E-11
  29  5.99167E+03  2.66250E+02  4.27454E-01  226.273  2.22475E-07  7.86406E-08  6.38231E-11
  30  6.25906E+03  2.68533E+02  4.10475E-01  224.498  2.17180E-07  6.34836E-08  7.10722E-11
  31  6.52854E+03  2.70438E+02  3.93906E-01  222.376  2.11900E-07  4.97916E-08  8.05439E-11
  32  6.79993E+03  2.72346E+02  3.77746E-01  220.222  2.06646E-07  3.69377E-08  8.99763E-11
  33  7.07326E+03  2.74310E+02  3.61993E-01  218.084  2.01414E-07  2.87889E-08  1.02253E-10
  34  7.34856E+03  2.76284E+02  3.46643E-01  215.924  1.96207E-07  2.20385E-08  1.14885E-10
  35  7.62597E+03  2.78541E+02  3.31696E-01  213.949  1.91028E-07  1.63740E-08  1.25258E-10
  36  7.90587E+03  2.81252E+02  3.17149E-01  212.278  1.85882E-07  1.21781E-08  1.32612E-10
  37  8.18848E+03  2.83981E+02  3.03000E-01  210.573  1.80765E-07  8.50351E-09  1.38712E-10
  38  8.47381E+03  2.86676E+02  2.89245E-01  208.792  1.75684E-07  6.99401E-09  1.39752E-10
  39  8.76185E+03  2.89390E+02  2.75882E-01  206.973  1.70640E-07  5.86350E-09  1.39885E-10
  40  9.05264E+03  2.92210E+02  2.62908E-01  205.183  1.65634E-07  4.94405E-09  1.39877E-10
  41  9.34630E+03  2.95100E+02  2.50320E-01  203.388  1.60669E-07  4.13227E-09  1.39731E-10
  42  9.64335E+03  2.98992E+02  2.38115E-01  202.214  1.55746E-07  3.44702E-09  1.39447E-10
  43  9.94476E+03  3.03836E+02  2.26289E-01  201.597  1.50869E-07  2.87050E-09  1.39026E-10
  44  1.02511E+04  3.08820E+02  2.14838E-01  200.968  1.46041E-07  2.37171E-09  1.38471E-10
  45  1.05625E+04  3.13946E+02  2.03759E-01  200.327  1.41260E-07  1.96314E-09  1.37778E-10
  46  1.08791E+04  3.19283E+02  1.93048E-01  199.709  1.36530E-07  1.65395E-09  1.49739E-10
  47  1.12012E+04  3.24870E+02  1.82701E-01  199.131  1.31855E-07  1.47139E-09  1.78645E-10
  48  1.15289E+04  3.30631E+02  1.72713E-01  198.542  1.27234E-07  1.29672E-09  2.06036E-10
  49  1.18625E+04  3.36589E+02  1.63080E-01  197.944  1.22671E-07  1.13045E-09  2.31793E-10
  50  1.22024E+04  3.43086E+02  1.53798E-01  197.536  1.18165E-07  1.03402E-09  2.57021E-10
  51  1.25489E+04  3.50024E+02  1.44861E-01  197.235  1.13723E-07  9.75935E-10  2.81161E-10
  52  1.29025E+04  3.57216E+02  1.36266E-01  196.928  1.09344E-07  9.19475E-10  3.03543E-10
  53  1.32635E+04  3.64755E+02  1.28007E-01  196.659  1.05027E-07  8.72972E-10  3.24569E-10
  54  1.36323E+04  3.72866E+02  1.20078E-01  196.527  1.00780E-07  8.52723E-10  3.45047E-10
  55  1.40094E+04  3.81322E+02  1.12475E-01  196.403  9.66008E-08  8.33878E-10  3.63773E-10
  56  1.43952E+04  3.90294E+02  1.05192E-01  196.355  9.24936E-08  8.15461E-10  3.85790E-10
  57  1.47908E+04  4.00799E+02  9.82241E-02  196.875  8.84558E-08  8.02446E-10  4.41081E-10
  58  1.51972E+04  4.12049E+02  9.15648E-02  197.524  8.44945E-08  7.89761E-10  4.98830E-10
  59  1.56151E+04  4.23772E+02  8.52085E-02  198.154  8.06094E-08  7.77784E-10  5.52467E-10
  60  1.60448E+04  4.35511E+02  7.91492E-02  198.544  7.68003E-08  7.75845E-10  6.06683E-10
  61  1.64864E+04  4.47727E+02  7.33810E-02  198.892  7.30723E-08  7.74306E-10  6.56702E-10
  62  1.69405E+04  4.60518E+02  6.78974E-02  199.233  6.94244E-08  7.62979E-10  6.88776E-10
  63  1.74077E+04  4.73857E+02  6.26921E-02  199.528  6.58612E-08  7.25746E-10  6.77098E-10
  64  1.78885E+04  4.87863E+02  5.77588E-02  199.828  6.23783E-08  6.87180E-10  6.61447E-10
  65  1.83839E+04  5.02781E+02  5.30907E-02  200.183  5.89850E-08  6.20328E-10  6.63370E-10
  66  1.88946E+04  5.18609E+02  4.86812E-02  200.586  5.56765E-08  5.35066E-10  6.76629E-10
  67  1.94217E+04  5.35639E+02  4.45233E-02  201.100  5.24584E-08  4.60386E-10  6.90384E-10
  68  1.99668E+04  5.54611E+02  4.06103E-02  201.973  4.93282E-08  4.07715E-10  7.13308E-10
  69  2.05315E+04  5.74816E+02  3.69352E-02  202.886  4.62895E-08  3.63520E-10  7.28767E-10
  70  2.11168E+04  5.95814E+02  3.34907E-02  203.639  4.33451E-08  3.57671E-10  7.05526E-10
  71  2.17238E+04  6.18061E+02  3.02696E-02  204.369  4.04937E-08  3.59418E-10  6.73156E-10
  72  2.23537E+04  6.41818E+02  2.72647E-02  205.124  3.77363E-08  3.59297E-10  6.40847E-10
  73  2.30082E+04  6.67133E+02  2.44685E-02  205.870  3.50746E-08  3.56734E-10  6.08337E-10
  74  2.36885E+04  6.93578E+02  2.18736E-02  206.421  3.25109E-08  3.48805E-10  5.74196E-10
  75  2.43963E+04  7.21846E+02  1.94725E-02  206.955  3.00440E-08  3.39130E-10  5.40221E-10
  76  2.51333E+04  7.52311E+02  1.72575E-02  207.514  2.76753E-08  3.28292E-10  5.06728E-10
  77  2.59038E+04  7.88545E+02  1.52211E-02  208.960  2.54062E-08  2.93980E-10  4.62578E-10
  78  2.67133E+04  8.30492E+02  1.33555E-02  211.131  2.32365E-08  2.45956E-10  4.12656E-10
  79  2.75668E+04  8.76465E+02  1.16530E-02  213.414  2.11676E-08  2.02304E-10  3.66024E-10
  80  2.84758E+04  9.41570E+02  1.01058E-02  219.148  1.91982E-08  1.66043E-10  3.23660E-10
  81  2.94596E+04  1.02601E+03  8.70622E-03  227.884  1.73312E-08  1.35750E-10  2.85112E-10
  82  3.05322E+04  1.11926E+03  7.44631E-03  236.756  1.55652E-08  1.10928E-10  2.49121E-10
  83  3.16972E+04  1.21064E+03  6.31828E-03  243.344  1.39001E-08  1.08459E-10  2.13611E-10
  84  3.29575E+04  1.31000E+03  5.31441E-03  249.580  1.23347E-08  1.09432E-10  1.80749E-10
  85  3.43197E+04  1.41449E+03  4.42684E-03  254.693  1.08729E-08  1.04143E-10  1.51916E-10
  86  3.57899E+04  1.52584E+03  3.64782E-03  258.882  9.50816E-09  9.48471E-11  1.26556E-10
  87  3.73775E+04  1.64933E+03  2.96971E-03  262.748  8.24439E-09  8.34667E-11  1.03927E-10
  88  3.90954E+04  1.78661E+03  2.38479E-03  266.180  7.07906E-09  7.06197E-11  8.38816E-11
  89  4.09560E+04  1.93454E+03  1.88548E-03  268.346  6.01222E-09  5.96255E-11  6.51115E-11
  90  4.29725E+04  2.09853E+03  1.46427E-03  269.607  5.04132E-09  5.02517E-11  4.94480E-11
  91  4.51638E+04  2.28404E+03  1.11385E-03  270.263  4.16385E-09  4.28877E-11  4.08955E-11
  92  4.75517E+04  2.49166E+03  8.26914E-04  269.502  3.38248E-09  3.64873E-11  2.78843E-11
  93  5.01605E+04  2.72605E+03  5.96366E-04  267.461  2.68952E-09  3.05402E-11  1.38337E-11
  94  5.30139E+04  2.98070E+03  4.15277E-04  262.487  2.08764E-09  2.31607E-11  6.66365E-12
  95  5.61395E+04  3.27045E+03  2.76896E-04  255.356  1.57049E-09  1.57245E-11  3.21324E-12
  96  5.95816E+04  3.61378E+03  1.74804E-04  246.458  1.13559E-09  8.73386E-12  2.16660E-12
  97  6.34154E+04  4.05371E+03  1.02713E-04  236.115  7.81799E-10  5.65027E-12  1.45847E-12
  98  6.77562E+04  4.62795E+03  5.47147E-05  224.067  5.01483E-10  4.42291E-12  7.35867E-13
  99  7.28137E+04  5.48709E+03  2.53192E-05  212.079  2.90768E-10  2.99326E-12  2.74818E-13
 100  7.90577E+04  7.00090E+03  9.36807E-06  200.881  1.43572E-10  1.60291E-12  1.03484E-13
