! Profile created using TESTLAY
! lat= 40.000, lon=  0.000, 1100mb alt(m)=-6.89000E+02
! input=myp43                                                                 
! Input altitudes: not supplied; calculated instead                     
! Input mixing ratios treated as relative to: dry air                   
! H2O saturation: checked & corrected if needed                         
! no altitude(m)  thickness(m) pressure(atm) temp(K) "fixed" amnt  water amnt   ozone amnt
! -- ------------ ------------ ------------ -------- ------------ ------------ ------------
regression profile 43                   
   1 -5.92349E+02  1.93302E+02  1.07120E+00  246.430  3.71647E-07  1.53584E-07  3.77172E-11
   2 -3.97708E+02  1.95980E+02  1.04269E+00  246.552  3.66582E-07  1.61576E-07  2.96684E-11
   3 -2.00384E+02  1.98667E+02  1.01458E+00  246.624  3.61482E-07  1.66826E-07  2.48697E-11
   4 -3.70087E-01  2.01361E+02  9.86866E-01  246.641  3.56350E-07  1.57122E-07  2.34359E-11
   5  2.02337E+02  2.04053E+02  9.59551E-01  246.593  3.51192E-07  1.43973E-07  2.44320E-11
   6  4.07734E+02  2.06741E+02  9.32636E-01  246.480  3.46004E-07  1.22805E-07  2.71266E-11
   7  6.15815E+02  2.09420E+02  9.06124E-01  246.292  3.40794E-07  9.62949E-08  3.07729E-11
   8  8.26569E+02  2.12089E+02  8.80018E-01  246.032  3.35553E-07  8.32294E-08  3.45934E-11
   9  1.03999E+03  2.14746E+02  8.54320E-01  245.699  3.30288E-07  7.28232E-08  3.78064E-11
  10  1.25605E+03  2.17376E+02  8.29031E-01  245.273  3.25001E-07  6.32566E-08  3.96401E-11
  11  1.47473E+03  2.19988E+02  8.04152E-01  244.769  3.19694E-07  5.72624E-08  3.95371E-11
  12  1.69601E+03  2.22564E+02  7.79685E-01  244.170  3.14369E-07  5.19782E-08  3.75048E-11
  13  1.91984E+03  2.25098E+02  7.55633E-01  243.471  3.09027E-07  4.68379E-08  3.49063E-11
  14  2.14619E+03  2.27599E+02  7.31995E-01  242.680  3.03673E-07  4.20499E-08  3.29146E-11
  15  2.37501E+03  2.30052E+02  7.08772E-01  241.789  2.98304E-07  3.86328E-08  3.26938E-11
  16  2.60626E+03  2.32448E+02  6.85965E-01  240.790  2.92925E-07  3.55152E-08  3.48594E-11
  17  2.83988E+03  2.34784E+02  6.63575E-01  239.680  2.87538E-07  3.25834E-08  3.90813E-11
  18  3.07580E+03  2.37062E+02  6.41602E-01  238.464  2.82147E-07  3.02236E-08  4.40862E-11
  19  3.31398E+03  2.39299E+02  6.20048E-01  237.168  2.76747E-07  2.74544E-08  4.87532E-11
  20  3.55440E+03  2.41531E+02  5.98911E-01  235.820  2.71349E-07  2.46763E-08  5.22943E-11
  21  3.79704E+03  2.43764E+02  5.78193E-01  234.434  2.65949E-07  2.19872E-08  5.40413E-11
  22  4.04194E+03  2.46030E+02  5.57892E-01  233.036  2.60550E-07  1.94761E-08  5.40682E-11
  23  4.28913E+03  2.48351E+02  5.38010E-01  231.650  2.55154E-07  1.75778E-08  5.26081E-11
  24  4.53869E+03  2.50760E+02  5.18545E-01  230.298  2.49765E-07  1.58305E-08  5.02580E-11
  25  4.79069E+03  2.53255E+02  4.99496E-01  228.980  2.44384E-07  1.41429E-08  4.71777E-11
  26  5.04524E+03  2.55846E+02  4.80864E-01  227.700  2.39011E-07  1.25152E-08  4.34962E-11
  27  5.30244E+03  2.58543E+02  4.62647E-01  226.461  2.33653E-07  1.09472E-08  3.97724E-11
  28  5.56239E+03  2.61357E+02  4.44844E-01  225.272  2.28306E-07  9.51636E-09  3.64840E-11
  29  5.82522E+03  2.64304E+02  4.27454E-01  224.139  2.22975E-07  8.60194E-09  3.44718E-11
  30  6.09106E+03  2.67378E+02  4.10475E-01  223.053  2.17665E-07  7.79748E-09  3.43506E-11
  31  6.36005E+03  2.70598E+02  3.93906E-01  222.028  2.12370E-07  7.02280E-09  3.70162E-11
  32  6.63232E+03  2.73944E+02  3.77746E-01  221.034  2.07103E-07  6.27810E-09  4.31629E-11
  33  6.90798E+03  2.77371E+02  3.61993E-01  220.039  2.01857E-07  5.59725E-09  5.32049E-11
  34  7.18708E+03  2.80838E+02  3.46643E-01  219.004  1.96639E-07  5.14731E-09  6.69250E-11
  35  7.46965E+03  2.84291E+02  3.31696E-01  217.891  1.91447E-07  4.74772E-09  8.21409E-11
  36  7.75564E+03  2.87693E+02  3.17149E-01  216.667  1.86289E-07  4.36322E-09  9.62303E-11
  37  8.04498E+03  2.90994E+02  3.03000E-01  215.303  1.81160E-07  3.99355E-09  1.08408E-10
  38  8.33761E+03  2.94252E+02  2.89245E-01  213.841  1.76069E-07  3.63881E-09  1.18593E-10
  39  8.63350E+03  2.97543E+02  2.75882E-01  212.341  1.71012E-07  3.29878E-09  1.28044E-10
  40  8.93277E+03  3.00984E+02  2.62908E-01  210.881  1.65997E-07  2.97142E-09  1.37965E-10
  41  9.23561E+03  3.04692E+02  2.50320E-01  209.538  1.61021E-07  2.64098E-09  1.49733E-10
  42  9.54234E+03  3.08776E+02  2.38115E-01  208.376  1.56089E-07  2.28908E-09  1.64815E-10
  43  9.85340E+03  3.13347E+02  2.26289E-01  207.452  1.51201E-07  1.94759E-09  1.84498E-10
  44  1.01693E+04  3.18411E+02  2.14838E-01  206.754  1.46362E-07  1.59304E-09  2.08338E-10
  45  1.04904E+04  3.23906E+02  2.03759E-01  206.227  1.41571E-07  1.26363E-09  2.36172E-10
  46  1.08173E+04  3.29777E+02  1.93048E-01  205.817  1.36832E-07  1.00245E-09  2.67761E-10
  47  1.11501E+04  3.35926E+02  1.82701E-01  205.452  1.32147E-07  8.17031E-10  3.00821E-10
  48  1.14892E+04  3.42294E+02  1.72713E-01  205.089  1.27516E-07  7.02163E-10  3.33884E-10
  49  1.18348E+04  3.48871E+02  1.63080E-01  204.712  1.22944E-07  6.41071E-10  3.67070E-10
  50  1.21871E+04  3.55680E+02  1.53798E-01  204.333  1.18428E-07  6.08869E-10  3.98648E-10
  51  1.25463E+04  3.62775E+02  1.44861E-01  203.966  1.13977E-07  5.89088E-10  4.29049E-10
  52  1.29128E+04  3.70186E+02  1.36266E-01  203.624  1.09587E-07  5.71331E-10  4.60510E-10
  53  1.32869E+04  3.77930E+02  1.28007E-01  203.308  1.05262E-07  5.43471E-10  4.90267E-10
  54  1.36689E+04  3.86083E+02  1.20078E-01  203.040  1.01006E-07  5.09147E-10  5.21192E-10
  55  1.40593E+04  3.94705E+02  1.12475E-01  202.841  9.68177E-08  4.71254E-10  5.50972E-10
  56  1.44585E+04  4.03854E+02  1.05192E-01  202.723  9.27015E-08  4.33949E-10  5.78421E-10
  57  1.48673E+04  4.13588E+02  9.82241E-02  202.704  8.86552E-08  4.00006E-10  6.02078E-10
  58  1.52861E+04  4.23993E+02  9.15648E-02  202.795  8.46852E-08  3.70728E-10  6.21099E-10
  59  1.57156E+04  4.35150E+02  8.52085E-02  203.017  8.07916E-08  3.47453E-10  6.36855E-10
  60  1.61568E+04  4.47146E+02  7.91492E-02  203.387  7.69745E-08  3.28865E-10  6.49391E-10
  61  1.66104E+04  4.60081E+02  7.33810E-02  203.917  7.32378E-08  3.14751E-10  6.62809E-10
  62  1.70775E+04  4.74049E+02  6.78974E-02  204.617  6.95829E-08  3.01907E-10  6.73835E-10
  63  1.75591E+04  4.89148E+02  6.26921E-02  205.496  6.60109E-08  2.91223E-10  6.87354E-10
  64  1.80564E+04  5.05459E+02  5.77588E-02  206.557  6.25211E-08  2.79363E-10  6.97904E-10
  65  1.85707E+04  5.23211E+02  5.30907E-02  207.835  5.91201E-08  2.67145E-10  7.08240E-10
  66  1.91037E+04  5.42869E+02  4.86812E-02  209.478  5.58044E-08  2.53177E-10  7.15431E-10
  67  1.96578E+04  5.65203E+02  4.45233E-02  211.699  5.25792E-08  2.37203E-10  7.18573E-10
  68  2.02359E+04  5.90969E+02  4.06103E-02  214.698  4.94423E-08  2.20217E-10  7.18080E-10
  69  2.08417E+04  6.20646E+02  3.69352E-02  218.528  4.63973E-08  2.03633E-10  7.10156E-10
  70  2.14785E+04  6.53092E+02  3.34907E-02  222.669  4.34465E-08  1.88872E-10  6.92964E-10
  71  2.21483E+04  6.86408E+02  3.02696E-02  226.414  4.05891E-08  1.77265E-10  6.68663E-10
  72  2.28513E+04  7.19678E+02  2.72647E-02  229.445  3.78263E-08  1.68897E-10  6.40346E-10
  73  2.35877E+04  7.53090E+02  2.44685E-02  231.826  3.51589E-08  1.63732E-10  6.11741E-10
  74  2.43578E+04  7.87129E+02  2.18736E-02  233.684  3.25902E-08  1.61741E-10  5.82537E-10
  75  2.51625E+04  8.22221E+02  1.94725E-02  235.145  3.01182E-08  1.61880E-10  5.49908E-10
  76  2.60031E+04  8.58982E+02  1.72575E-02  236.342  2.77446E-08  1.59575E-10  5.08087E-10
  77  2.68816E+04  8.98123E+02  1.52211E-02  237.410  2.54707E-08  1.50596E-10  4.57644E-10
  78  2.78009E+04  9.40451E+02  1.33555E-02  238.487  2.32962E-08  1.33732E-10  4.02221E-10
  79  2.87647E+04  9.87012E+02  1.16530E-02  239.722  2.12228E-08  1.13424E-10  3.43692E-10
  80  2.97776E+04  1.03891E+03  1.01058E-02  241.258  1.92490E-08  9.45012E-11  2.82265E-10
  81  3.08459E+04  1.09773E+03  8.70622E-03  243.256  1.73775E-08  8.00624E-11  2.22226E-10
  82  3.19773E+04  1.16507E+03  7.44631E-03  245.857  1.56070E-08  6.90351E-11  1.67448E-10
  83  3.31814E+04  1.24296E+03  6.31828E-03  249.202  1.39377E-08  6.00268E-11  1.24990E-10
  84  3.44692E+04  1.33263E+03  5.31441E-03  253.239  1.23682E-08  5.20881E-11  9.74283E-11
  85  3.58525E+04  1.43402E+03  4.42684E-03  257.508  1.09025E-08  4.47793E-11  7.96596E-11
  86  3.73419E+04  1.54490E+03  3.64782E-03  261.420  9.53402E-09  3.82190E-11  6.58367E-11
  87  3.89466E+04  1.66445E+03  2.96971E-03  264.452  8.26691E-09  3.24430E-11  5.30231E-11
  88  4.06744E+04  1.79118E+03  2.38479E-03  266.180  7.09840E-09  2.74268E-11  4.10983E-11
  89  4.25326E+04  1.92527E+03  1.88548E-03  266.370  6.02865E-09  2.30779E-11  3.02757E-11
  90  4.45304E+04  2.07023E+03  1.46427E-03  265.301  5.05509E-09  1.92299E-11  2.09818E-11
  91  4.66815E+04  2.23206E+03  1.11385E-03  263.459  4.17518E-09  1.58626E-11  1.64930E-11
  92  4.90078E+04  2.42037E+03  8.26914E-04  261.107  3.39161E-09  1.30088E-11  1.24579E-11
  93  5.15378E+04  2.63970E+03  5.96366E-04  258.312  2.69672E-09  1.04688E-11  8.27817E-12
  94  5.43112E+04  2.90710E+03  4.15277E-04  255.226  2.09317E-09  8.08641E-12  4.74864E-12
  95  5.73852E+04  3.24098E+03  2.76896E-04  252.207  1.57462E-09  5.97387E-12  2.47467E-12
  96  6.08400E+04  3.66861E+03  1.74804E-04  249.288  1.13858E-09  4.38686E-12  1.43284E-12
  97  6.47814E+04  4.21413E+03  1.02713E-04  244.571  7.83880E-10  3.37954E-12  9.95335E-13
  98  6.93333E+04  4.88960E+03  5.47147E-05  235.913  5.02850E-10  2.72324E-12  4.63961E-13
  99  7.46766E+04  5.79707E+03  2.53192E-05  223.774  2.91459E-10  2.02269E-12  2.39315E-13
 100  8.10933E+04  7.03643E+03  9.36807E-06  202.370  1.43832E-10  1.04707E-12  1.08588E-13
