! Profile created using TESTLAY
! lat=-42.227, lon=  0.000, 1100mb alt(m)=-6.89000E+02
! input=myp45                                                                 
! Input altitudes: not supplied; calculated instead                     
! Input mixing ratios treated as relative to: dry air                   
! H2O saturation: checked & corrected if needed                         
! no altitude(m)  thickness(m) pressure(atm) temp(K) "fixed" amnt  water amnt   ozone amnt
! -- ------------ ------------ ------------ -------- ------------ ------------ ------------
regression profile 45                   
   1 -5.70910E+02  2.36180E+02  1.07120E+00  299.142  3.67463E-07  1.83677E-05  2.49428E-11
   2 -3.33795E+02  2.38051E+02  1.04269E+00  297.654  3.62702E-07  1.70556E-05  2.46847E-11
   3 -9.48023E+01  2.39934E+02  1.01458E+00  296.163  3.57923E-07  1.56645E-05  2.43003E-11
   4  1.46086E+02  2.41841E+02  9.86866E-01  294.662  3.53088E-07  1.43648E-05  2.40242E-11
   5  3.88883E+02  2.43754E+02  9.59551E-01  293.137  3.48229E-07  1.30498E-05  2.37033E-11
   6  6.33581E+02  2.45642E+02  9.32636E-01  291.556  3.43335E-07  1.17466E-05  2.33620E-11
   7  8.80159E+02  2.47514E+02  9.06124E-01  289.917  3.38407E-07  1.04906E-05  2.30185E-11
   8  1.12862E+03  2.49410E+02  8.80018E-01  288.280  3.33451E-07  9.23408E-06  2.26768E-11
   9  1.37901E+03  2.51364E+02  8.54320E-01  286.683  3.28473E-07  7.97155E-06  2.23739E-11
  10  1.63158E+03  2.53790E+02  8.29031E-01  285.579  3.23464E-07  6.75147E-06  2.24979E-11
  11  1.88688E+03  2.56796E+02  8.04152E-01  285.058  3.18404E-07  5.66742E-06  2.31199E-11
  12  2.14521E+03  2.59866E+02  7.79685E-01  284.545  3.13322E-07  4.60717E-06  2.36929E-11
  13  2.40646E+03  2.62640E+02  7.55633E-01  283.629  3.08180E-07  3.73019E-06  2.42219E-11
  14  2.67036E+03  2.65166E+02  7.31995E-01  282.322  3.02907E-07  3.38337E-06  2.46774E-11
  15  2.93677E+03  2.67650E+02  7.08772E-01  280.909  2.97584E-07  3.18856E-06  2.50830E-11
  16  3.20555E+03  2.69906E+02  6.85965E-01  279.215  2.92258E-07  2.96956E-06  2.55551E-11
  17  3.47643E+03  2.71848E+02  6.63575E-01  277.106  2.86829E-07  3.16557E-06  2.62926E-11
  18  3.74921E+03  2.73715E+02  6.41602E-01  274.876  2.81377E-07  3.45119E-06  2.69694E-11
  19  4.02389E+03  2.75641E+02  6.20048E-01  272.703  2.75952E-07  3.57071E-06  2.75053E-11
  20  4.30056E+03  2.77702E+02  5.98911E-01  270.651  2.70570E-07  3.51333E-06  2.80587E-11
  21  4.57933E+03  2.79832E+02  5.78193E-01  268.689  2.65275E-07  3.06043E-06  2.85812E-11
  22  4.86021E+03  2.81943E+02  5.57892E-01  266.687  2.59998E-07  2.53032E-06  2.90307E-11
  23  5.14320E+03  2.84034E+02  5.38010E-01  264.612  2.54686E-07  2.16393E-06  2.93561E-11
  24  5.42828E+03  2.86130E+02  5.18545E-01  262.491  2.49358E-07  1.90553E-06  2.95933E-11
  25  5.71545E+03  2.88191E+02  4.99496E-01  260.306  2.44033E-07  1.66078E-06  3.03328E-11
  26  6.00459E+03  2.90106E+02  4.80864E-01  257.959  2.38717E-07  1.42626E-06  3.22648E-11
  27  6.29560E+03  2.91897E+02  4.62647E-01  255.469  2.33402E-07  1.22982E-06  3.52020E-11
  28  6.58839E+03  2.93691E+02  4.44844E-01  252.961  2.28101E-07  1.03474E-06  3.80386E-11
  29  6.88301E+03  2.95541E+02  4.27454E-01  250.473  2.22815E-07  8.42616E-07  4.05857E-11
  30  7.17956E+03  2.97559E+02  4.10475E-01  248.097  2.17549E-07  6.56465E-07  4.28641E-11
  31  7.47827E+03  2.99865E+02  3.93906E-01  245.937  2.12299E-07  4.59524E-07  4.50459E-11
  32  7.77945E+03  3.02493E+02  3.77746E-01  243.981  2.07062E-07  3.28579E-07  4.70100E-11
  33  8.08331E+03  3.05236E+02  3.61993E-01  242.062  2.01829E-07  2.78373E-07  4.85535E-11
  34  8.38988E+03  3.07896E+02  3.46643E-01  240.030  1.96623E-07  2.25669E-07  5.00872E-11
  35  8.69904E+03  3.10428E+02  3.31696E-01  237.854  1.91442E-07  1.81156E-07  5.14028E-11
  36  9.01069E+03  3.12869E+02  3.17149E-01  235.562  1.86291E-07  1.47694E-07  5.22042E-11
  37  9.32476E+03  3.15281E+02  3.03000E-01  233.210  1.81170E-07  1.18219E-07  5.33412E-11
  38  9.64127E+03  3.17733E+02  2.89245E-01  230.846  1.76085E-07  9.01072E-08  5.51086E-11
  39  9.96024E+03  3.20206E+02  2.75882E-01  228.455  1.71034E-07  7.39718E-08  5.74885E-11
  40  1.02817E+04  3.22689E+02  2.62908E-01  226.031  1.66020E-07  6.47511E-08  5.98509E-11
  41  1.06057E+04  3.25238E+02  2.50320E-01  223.612  1.61046E-07  5.42142E-08  6.17515E-11
  42  1.09323E+04  3.27966E+02  2.38115E-01  221.270  1.56116E-07  4.48282E-08  6.34414E-11
  43  1.12616E+04  3.30824E+02  2.26289E-01  218.971  1.51229E-07  3.78293E-08  6.46455E-11
  44  1.15938E+04  3.33509E+02  2.14838E-01  216.505  1.46392E-07  3.21003E-08  6.47968E-11
  45  1.19288E+04  3.36474E+02  2.03759E-01  214.177  1.41601E-07  2.59324E-08  6.58202E-11
  46  1.22676E+04  3.41146E+02  1.93048E-01  212.856  1.36863E-07  1.96427E-08  7.01099E-11
  47  1.26119E+04  3.47425E+02  1.82701E-01  212.426  1.32177E-07  1.63522E-08  7.82248E-11
  48  1.29627E+04  3.54178E+02  1.72713E-01  212.151  1.27546E-07  1.38048E-08  8.59852E-11
  49  1.33204E+04  3.61185E+02  1.63080E-01  211.878  1.22974E-07  1.14180E-08  9.27930E-11
  50  1.36852E+04  3.68451E+02  1.53798E-01  211.611  1.18458E-07  9.13044E-09  9.90020E-11
  51  1.40576E+04  3.76361E+02  1.44861E-01  211.544  1.14006E-07  6.98210E-09  1.10024E-10
  52  1.44382E+04  3.84803E+02  1.36266E-01  211.604  1.09616E-07  5.54680E-09  1.26314E-10
  53  1.48271E+04  3.93021E+02  1.28007E-01  211.366  1.05291E-07  4.49581E-09  1.41386E-10
  54  1.52241E+04  4.00958E+02  1.20078E-01  210.802  1.01034E-07  3.58798E-09  1.53751E-10
  55  1.56291E+04  4.09113E+02  1.12475E-01  210.186  9.68453E-08  2.84830E-09  1.63883E-10
  56  1.60426E+04  4.17742E+02  1.05192E-01  209.632  9.27289E-08  2.23702E-09  1.72122E-10
  57  1.64652E+04  4.27552E+02  9.82241E-02  209.483  8.86817E-08  1.73635E-09  1.79915E-10
  58  1.68986E+04  4.39316E+02  9.15648E-02  210.056  8.47107E-08  1.35475E-09  1.88916E-10
  59  1.73446E+04  4.52541E+02  8.52085E-02  211.061  8.08162E-08  1.07972E-09  1.96806E-10
  60  1.78042E+04  4.66783E+02  7.91492E-02  212.247  7.69987E-08  8.50545E-10  1.97682E-10
  61  1.82786E+04  4.81936E+02  7.33810E-02  213.530  7.32619E-08  6.55398E-10  2.10140E-10
  62  1.87679E+04  4.96600E+02  6.78974E-02  214.285  6.96052E-08  4.99797E-10  2.54062E-10
  63  1.92712E+04  5.10148E+02  6.26921E-02  214.254  6.60328E-08  4.18561E-10  3.23081E-10
  64  1.97887E+04  5.24721E+02  5.77588E-02  214.363  6.25416E-08  3.59286E-10  4.02775E-10
  65  2.03221E+04  5.42168E+02  5.30907E-02  215.294  5.91402E-08  3.43243E-10  4.74597E-10
  66  2.08739E+04  5.61402E+02  4.86812E-02  216.560  5.58238E-08  3.33721E-10  5.24204E-10
  67  2.14451E+04  5.80920E+02  4.45233E-02  217.521  5.25981E-08  3.23274E-10  5.55626E-10
  68  2.20359E+04  6.00711E+02  4.06103E-02  218.180  4.94603E-08  3.12637E-10  5.75879E-10
  69  2.26471E+04  6.21693E+02  3.69352E-02  218.844  4.64140E-08  3.01626E-10  5.86267E-10
  70  2.32801E+04  6.44346E+02  3.34907E-02  219.632  4.34624E-08  2.90653E-10  5.89609E-10
  71  2.39365E+04  6.68385E+02  3.02696E-02  220.411  4.06038E-08  2.80030E-10  5.87007E-10
  72  2.46174E+04  6.93486E+02  2.72647E-02  221.035  3.78395E-08  2.69107E-10  5.79386E-10
  73  2.53241E+04  7.19844E+02  2.44685E-02  221.528  3.51712E-08  2.57877E-10  5.71150E-10
  74  2.60582E+04  7.48404E+02  2.18736E-02  222.122  3.26009E-08  2.46566E-10  5.64257E-10
  75  2.68225E+04  7.80275E+02  1.94725E-02  223.077  3.01279E-08  2.36025E-10  5.59749E-10
  76  2.76207E+04  8.16000E+02  1.72575E-02  224.444  2.77530E-08  2.25535E-10  5.48823E-10
  77  2.84560E+04  8.54734E+02  1.52211E-02  225.873  2.54780E-08  2.15006E-10  5.23975E-10
  78  2.93310E+04  8.95180E+02  1.33555E-02  226.946  2.33027E-08  2.04226E-10  4.85010E-10
  79  3.02475E+04  9.37885E+02  1.16530E-02  227.735  2.12283E-08  1.93177E-10  4.35268E-10
  80  3.12091E+04  9.85342E+02  1.01058E-02  228.767  1.92537E-08  1.81787E-10  3.75071E-10
  81  3.22217E+04  1.03980E+03  8.70622E-03  230.371  1.73814E-08  1.71090E-10  3.10666E-10
  82  3.32924E+04  1.10164E+03  7.44631E-03  232.427  1.56103E-08  1.59877E-10  2.51343E-10
  83  3.44301E+04  1.17382E+03  6.31828E-03  235.299  1.39403E-08  1.48766E-10  2.02115E-10
  84  3.56458E+04  1.25755E+03  5.31441E-03  238.939  1.23702E-08  1.37937E-10  1.62186E-10
  85  3.69486E+04  1.34807E+03  4.42684E-03  242.056  1.09040E-08  1.26566E-10  1.28977E-10
  86  3.83462E+04  1.44701E+03  3.64782E-03  244.830  9.53512E-09  1.15021E-10  1.01862E-10
  87  3.98515E+04  1.56363E+03  2.96971E-03  248.385  8.26754E-09  1.03833E-10  8.04276E-11
  88  4.14831E+04  1.69947E+03  2.38479E-03  252.479  7.09877E-09  9.26927E-11  6.28653E-11
  89  4.32594E+04  1.85327E+03  1.88548E-03  256.323  6.02879E-09  8.14307E-11  4.83128E-11
  90  4.51977E+04  2.02325E+03  1.46427E-03  259.202  5.05510E-09  6.98894E-11  3.90546E-11
  91  4.73150E+04  2.21137E+03  1.11385E-03  260.908  4.17514E-09  5.84537E-11  3.16594E-11
  92  4.96449E+04  2.44833E+03  8.26914E-04  264.020  3.39158E-09  4.81893E-11  2.48859E-11
  93  5.22111E+04  2.68413E+03  5.96366E-04  262.690  2.69672E-09  3.79720E-11  1.78491E-11
  94  5.50125E+04  2.91866E+03  4.15277E-04  256.371  2.09320E-09  2.88256E-11  1.05091E-11
  95  5.80676E+04  3.19155E+03  2.76896E-04  248.564  1.57463E-09  2.08924E-11  5.77002E-12
  96  6.14209E+04  3.51509E+03  1.74804E-04  239.125  1.13856E-09  1.41698E-11  3.12146E-12
  97  6.51491E+04  3.94140E+03  1.02713E-04  228.968  7.83820E-10  8.83419E-12  1.46086E-12
  98  6.93764E+04  4.51302E+03  5.47147E-05  217.898  5.02758E-10  4.89856E-12  5.47781E-13
  99  7.43123E+04  5.35881E+03  2.53192E-05  206.565  2.91370E-10  2.30854E-12  2.22552E-13
 100  8.04070E+04  6.83061E+03  9.36807E-06  195.730  1.43772E-10  8.18828E-13  1.22126E-13
