! Profile created using TESTLAY
! lat= 45.000, lon=  0.000, 1100mb alt(m)=-6.89000E+02
! input=myp13                                                                 
! Input altitudes: not supplied; calculated instead                     
! Input mixing ratios treated as relative to: dry air                   
! H2O saturation: checked & corrected if needed                         
! no altitude(m)  thickness(m) pressure(atm) temp(K) "fixed" amnt  water amnt   ozone amnt
! -- ------------ ------------ ------------ -------- ------------ ------------ ------------
regression profile 13                   
   1 -5.72040E+02  2.33921E+02  1.07120E+00  295.571  3.65742E-07  2.55716E-05  4.43324E-11
   2 -3.36752E+02  2.36654E+02  1.04269E+00  295.107  3.60812E-07  2.50131E-05  4.37348E-11
   3 -9.87093E+01  2.39431E+02  1.01458E+00  294.636  3.55846E-07  2.44554E-05  4.31329E-11
   4  1.42098E+02  2.42183E+02  9.86866E-01  294.112  3.50916E-07  2.35832E-05  4.26189E-11
   5  3.85471E+02  2.44564E+02  9.59551E-01  293.295  3.46378E-07  2.08528E-05  4.26452E-11
   6  6.31204E+02  2.46901E+02  9.32636E-01  292.418  3.41868E-07  1.78552E-05  4.27476E-11
   7  8.79291E+02  2.49274E+02  9.06124E-01  291.529  3.37312E-07  1.49580E-05  4.28380E-11
   8  1.12978E+03  2.51701E+02  8.80018E-01  290.631  3.32661E-07  1.23572E-05  4.29094E-11
   9  1.38271E+03  2.54160E+02  8.54320E-01  289.721  3.27969E-07  9.83300E-06  4.29632E-11
  10  1.63815E+03  2.56719E+02  8.29031E-01  288.734  3.22986E-07  8.50606E-06  4.28136E-11
  11  1.89622E+03  2.59414E+02  8.04152E-01  287.636  3.17590E-07  8.91799E-06  4.23735E-11
  12  2.15699E+03  2.62145E+02  7.79685E-01  286.522  3.12175E-07  9.33706E-06  4.19233E-11
  13  2.42052E+03  2.64912E+02  7.55633E-01  285.392  3.06745E-07  9.74485E-06  4.14667E-11
  14  2.68684E+03  2.67723E+02  7.31995E-01  284.247  3.01306E-07  1.01412E-05  4.10043E-11
  15  2.95599E+03  2.70568E+02  7.08772E-01  283.085  2.95854E-07  1.05253E-05  4.05345E-11
  16  3.22795E+03  2.73351E+02  6.85965E-01  281.835  2.90457E-07  1.06338E-05  4.04161E-11
  17  3.50256E+03  2.75882E+02  6.63575E-01  280.369  2.85212E-07  1.00194E-05  4.12560E-11
  18  3.77971E+03  2.78422E+02  6.41602E-01  278.867  2.79972E-07  9.36944E-06  4.21191E-11
  19  4.05941E+03  2.80980E+02  6.20048E-01  277.343  2.74721E-07  8.72945E-06  4.29425E-11
  20  4.34169E+03  2.83570E+02  5.98911E-01  275.796  2.69468E-07  8.10271E-06  4.37290E-11
  21  4.62657E+03  2.86184E+02  5.78193E-01  274.226  2.64212E-07  7.48868E-06  4.44760E-11
  22  4.91407E+03  2.88822E+02  5.57892E-01  272.632  2.58952E-07  6.88626E-06  4.51822E-11
  23  5.20422E+03  2.91486E+02  5.38010E-01  271.015  2.53693E-07  6.29549E-06  4.58499E-11
  24  5.49706E+03  2.94178E+02  5.18545E-01  269.373  2.48439E-07  5.71726E-06  4.64750E-11
  25  5.79259E+03  2.96890E+02  4.99496E-01  267.699  2.43189E-07  5.15105E-06  4.70922E-11
  26  6.09072E+03  2.99366E+02  4.80864E-01  265.772  2.37952E-07  4.57049E-06  4.90454E-11
  27  6.39126E+03  3.01717E+02  4.62647E-01  263.695  2.32726E-07  3.98987E-06  5.16314E-11
  28  6.69416E+03  3.04076E+02  4.44844E-01  261.585  2.27511E-07  3.42423E-06  5.41115E-11
  29  6.99941E+03  3.06441E+02  4.27454E-01  259.442  2.22308E-07  2.87374E-06  5.64808E-11
  30  7.30704E+03  3.08812E+02  4.10475E-01  257.262  2.17122E-07  2.33851E-06  5.87494E-11
  31  7.61703E+03  3.11171E+02  3.93906E-01  255.035  2.11940E-07  1.85047E-06  6.08843E-11
  32  7.92937E+03  3.13500E+02  3.77746E-01  252.712  2.06749E-07  1.52863E-06  6.28035E-11
  33  8.24403E+03  3.15815E+02  3.61993E-01  250.341  2.01571E-07  1.23686E-06  6.45964E-11
  34  8.56100E+03  3.18129E+02  3.46643E-01  247.931  1.96418E-07  9.58856E-07  6.62795E-11
  35  8.88028E+03  3.20443E+02  3.31696E-01  245.480  1.91281E-07  7.28007E-07  6.78607E-11
  36  9.20188E+03  3.22756E+02  3.17149E-01  242.987  1.86173E-07  5.13543E-07  6.93317E-11
  37  9.52579E+03  3.25054E+02  3.03000E-01  240.450  1.81094E-07  3.06621E-07  7.06878E-11
  38  9.85210E+03  3.27562E+02  2.89245E-01  238.012  1.76029E-07  1.91840E-07  7.32844E-11
  39  1.01810E+04  3.30292E+02  2.75882E-01  235.677  1.70981E-07  1.64719E-07  7.70485E-11
  40  1.05127E+04  3.33025E+02  2.62908E-01  233.300  1.65972E-07  1.38524E-07  8.05887E-11
  41  1.08471E+04  3.35771E+02  2.50320E-01  230.883  1.61003E-07  1.13480E-07  8.39485E-11
  42  1.11843E+04  3.38745E+02  2.38115E-01  228.572  1.56077E-07  9.57115E-08  8.83786E-11
  43  1.15246E+04  3.41838E+02  2.26289E-01  226.289  1.51194E-07  8.15500E-08  9.31248E-11
  44  1.18680E+04  3.44948E+02  2.14838E-01  223.962  1.46358E-07  6.79237E-08  9.75582E-11
  45  1.22145E+04  3.48068E+02  2.03759E-01  221.590  1.41570E-07  5.48354E-08  1.01676E-10
  46  1.25645E+04  3.51821E+02  1.93048E-01  219.550  1.36835E-07  4.46511E-08  1.08677E-10
  47  1.29186E+04  3.56505E+02  1.82701E-01  218.014  1.32151E-07  3.81647E-08  1.19631E-10
  48  1.32775E+04  3.61294E+02  1.72713E-01  216.451  1.27521E-07  3.19707E-08  1.29924E-10
  49  1.36413E+04  3.66198E+02  1.63080E-01  214.855  1.22952E-07  2.60450E-08  1.39524E-10
  50  1.40100E+04  3.71198E+02  1.53798E-01  213.226  1.18437E-07  2.03868E-08  1.48423E-10
  51  1.43840E+04  3.76845E+02  1.44861E-01  211.850  1.13987E-07  1.58429E-08  1.61904E-10
  52  1.47642E+04  3.83525E+02  1.36266E-01  210.936  1.09598E-07  1.29061E-08  1.83016E-10
  53  1.51512E+04  3.90439E+02  1.28007E-01  210.011  1.05274E-07  1.03964E-08  2.02804E-10
  54  1.55452E+04  3.97592E+02  1.20078E-01  209.066  1.01017E-07  8.16736E-09  2.21113E-10
  55  1.59465E+04  4.04985E+02  1.12475E-01  208.099  9.68295E-08  5.95346E-09  2.37938E-10
  56  1.63553E+04  4.12639E+02  1.05192E-01  207.108  9.27138E-08  3.50689E-09  2.53292E-10
  57  1.67722E+04  4.21223E+02  9.82241E-02  206.414  8.86678E-08  1.52385E-09  2.70258E-10
  58  1.71995E+04  4.33293E+02  9.15648E-02  207.209  8.46971E-08  1.22777E-09  2.99344E-10
  59  1.76393E+04  4.46369E+02  8.52085E-02  208.218  8.08026E-08  1.14366E-09  3.27556E-10
  60  1.80925E+04  4.60115E+02  7.91492E-02  209.251  7.69856E-08  1.09428E-09  3.53149E-10
  61  1.85599E+04  4.74590E+02  7.33810E-02  210.311  7.32493E-08  1.05690E-09  3.76113E-10
  62  1.90422E+04  4.90027E+02  6.78974E-02  211.477  6.95938E-08  1.03060E-09  4.00886E-10
  63  1.95406E+04  5.06832E+02  6.26921E-02  212.887  6.60215E-08  1.03250E-09  4.34316E-10
  64  2.00564E+04  5.24617E+02  5.77588E-02  214.349  6.25312E-08  1.02765E-09  4.64555E-10
  65  2.05904E+04  5.43484E+02  5.30907E-02  215.851  5.91300E-08  1.00971E-09  4.91004E-10
  66  2.11437E+04  5.63184E+02  4.86812E-02  217.282  5.58145E-08  9.81211E-10  5.14296E-10
  67  2.17169E+04  5.83076E+02  4.45233E-02  218.364  5.25889E-08  9.24286E-10  5.35825E-10
  68  2.23105E+04  6.04102E+02  4.06103E-02  219.444  4.94519E-08  8.66699E-10  5.53677E-10
  69  2.29258E+04  6.26465E+02  3.69352E-02  220.558  4.64060E-08  8.10942E-10  5.67777E-10
  70  2.35642E+04  6.50336E+02  3.34907E-02  221.708  4.34551E-08  7.57081E-10  5.78256E-10
  71  2.42272E+04  6.75775E+02  3.02696E-02  222.882  4.05969E-08  7.03883E-10  5.84307E-10
  72  2.49162E+04  7.02270E+02  2.72647E-02  223.866  3.78336E-08  6.33187E-10  5.72775E-10
  73  2.56325E+04  7.30365E+02  2.44685E-02  224.798  3.51654E-08  5.60669E-10  5.54562E-10
  74  2.63780E+04  7.60578E+02  2.18736E-02  225.767  3.25959E-08  4.96694E-10  5.35330E-10
  75  2.71552E+04  7.93740E+02  1.94725E-02  226.957  3.01232E-08  4.46589E-10  5.08697E-10
  76  2.79682E+04  8.32240E+02  1.72575E-02  228.937  2.77490E-08  4.33577E-10  4.58139E-10
  77  2.88215E+04  8.74330E+02  1.52211E-02  231.074  2.54743E-08  4.21884E-10  4.08274E-10
  78  2.97187E+04  9.20172E+02  1.33555E-02  233.299  2.32995E-08  3.98010E-10  3.61689E-10
  79  3.06639E+04  9.70297E+02  1.16530E-02  235.618  2.12256E-08  3.70445E-10  3.18350E-10
  80  3.16617E+04  1.02522E+03  1.01058E-02  238.040  1.92514E-08  3.42512E-10  2.77436E-10
  81  3.27171E+04  1.08568E+03  8.70622E-03  240.552  1.73796E-08  3.04525E-10  2.31066E-10
  82  3.38362E+04  1.15248E+03  7.44631E-03  243.174  1.56089E-08  2.65946E-10  1.86751E-10
  83  3.50207E+04  1.21637E+03  6.31828E-03  243.910  1.39392E-08  2.25188E-10  1.47275E-10
  84  3.62677E+04  1.27775E+03  5.31441E-03  242.857  1.23694E-08  1.84148E-10  1.12521E-10
  85  3.75901E+04  1.36705E+03  4.42684E-03  245.440  1.09033E-08  1.57634E-10  8.96128E-11
  86  3.90155E+04  1.48368E+03  3.64782E-03  251.004  9.53464E-09  1.49225E-10  7.43984E-11
  87  4.05641E+04  1.61354E+03  2.96971E-03  256.329  8.26726E-09  1.49234E-10  6.11232E-11
  88  4.22390E+04  1.73628E+03  2.38479E-03  258.011  7.09864E-09  1.29989E-10  5.09754E-11
  89  4.40460E+04  1.87766E+03  1.88548E-03  259.703  6.02872E-09  1.09343E-10  4.21208E-11
  90  4.60139E+04  2.05824E+03  1.46427E-03  263.638  5.05507E-09  9.11706E-11  3.41590E-11
  91  4.81790E+04  2.27199E+03  1.11385E-03  268.016  4.17518E-09  7.79298E-11  2.73914E-11
  92  5.05555E+04  2.48086E+03  8.26914E-04  267.668  3.39167E-09  6.30715E-11  1.98380E-11
  93  5.31403E+04  2.68878E+03  5.96366E-04  263.153  2.69680E-09  4.80531E-11  1.25695E-11
  94  5.59510E+04  2.93261E+03  4.15277E-04  257.564  2.09327E-09  3.62282E-11  7.51123E-12
  95  5.90261E+04  3.21762E+03  2.76896E-04  250.541  1.57470E-09  2.70596E-11  4.25197E-12
  96  6.24158E+04  3.56173E+03  1.74804E-04  242.267  1.13861E-09  1.91042E-11  2.09683E-12
  97  6.61915E+04  3.98982E+03  1.02713E-04  231.805  7.83868E-10  1.23495E-11  9.93759E-13
  98  7.04586E+04  4.54424E+03  5.47147E-05  219.430  5.02698E-10  8.22059E-12  3.46373E-13
  99  7.54351E+04  5.40889E+03  2.53192E-05  208.486  2.90918E-10  4.99139E-12  1.61984E-13
 100  8.15771E+04  6.87495E+03  9.36807E-06  196.827  1.43880E-10  2.55598E-12  9.08826E-14
