! Profile created using TESTLAY
! lat= 45.000, lon=  0.000, 1100mb alt(m)=-6.89000E+02
! input=myp6                                                                  
! Input altitudes: not supplied; calculated instead                     
! Input mixing ratios treated as relative to: dry air                   
! H2O saturation: checked & corrected if needed                         
! no altitude(m)  thickness(m) pressure(atm) temp(K) "fixed" amnt  water amnt   ozone amnt
! -- ------------ ------------ ------------ -------- ------------ ------------ ------------
regression profile 6                    
   1 -5.62315E+02  2.53371E+02  1.07120E+00  315.991  3.57628E-07  6.15326E-05  6.34140E-11
   2 -3.08526E+02  2.54206E+02  1.04269E+00  313.362  3.53764E-07  5.62606E-05  6.32573E-11
   3 -5.39178E+01  2.55011E+02  1.01458E+00  310.698  3.49847E-07  5.10622E-05  6.30818E-11
   4  2.01479E+02  2.55783E+02  9.86866E-01  307.998  3.45878E-07  4.59399E-05  6.28872E-11
   5  4.57633E+02  2.56524E+02  9.59551E-01  305.262  3.41862E-07  4.08973E-05  6.26745E-11
   6  7.14341E+02  2.56893E+02  9.32636E-01  302.098  3.37797E-07  3.59372E-05  6.27122E-11
   7  9.71060E+02  2.56545E+02  9.06124E-01  298.076  3.33631E-07  3.13134E-05  6.34280E-11
   8  1.22819E+03  2.57713E+02  8.80018E-01  295.695  3.29165E-07  2.78938E-05  6.36475E-11
   9  1.48658E+03  2.59071E+02  8.54320E-01  293.508  3.24632E-07  2.46718E-05  6.37742E-11
  10  1.74635E+03  2.60462E+02  8.29031E-01  291.316  3.20015E-07  2.17195E-05  6.38383E-11
  11  2.00753E+03  2.61910E+02  8.04152E-01  289.132  3.15295E-07  1.91385E-05  6.38233E-11
  12  2.27016E+03  2.63350E+02  7.79685E-01  286.924  3.10544E-07  1.66150E-05  6.37812E-11
  13  2.53466E+03  2.65641E+02  7.55633E-01  285.486  3.05541E-07  1.51296E-05  6.35615E-11
  14  2.80177E+03  2.68581E+02  7.31995E-01  284.605  3.00363E-07  1.43698E-05  6.32139E-11
  15  3.07184E+03  2.71562E+02  7.08772E-01  283.711  2.95166E-07  1.36201E-05  6.28467E-11
  16  3.34484E+03  2.74439E+02  6.85965E-01  282.654  2.89967E-07  1.28512E-05  6.41188E-11
  17  3.62052E+03  2.76918E+02  6.63575E-01  281.148  2.84777E-07  1.19931E-05  6.95447E-11
  18  3.89859E+03  2.79226E+02  6.41602E-01  279.448  2.79623E-07  1.09611E-05  7.23221E-11
  19  4.17895E+03  2.81498E+02  6.20048E-01  277.684  2.74466E-07  9.90315E-06  7.43159E-11
  20  4.46151E+03  2.83618E+02  5.98911E-01  275.728  2.69308E-07  8.85918E-06  7.60809E-11
  21  4.74613E+03  2.85625E+02  5.78193E-01  273.635  2.64144E-07  7.83234E-06  7.76692E-11
  22  5.03284E+03  2.87786E+02  5.57892E-01  271.641  2.58955E-07  6.91474E-06  7.94055E-11
  23  5.32191E+03  2.90353E+02  5.38010E-01  269.961  2.53714E-07  6.24023E-06  8.16432E-11
  24  5.61357E+03  2.92969E+02  5.18545E-01  268.273  2.48477E-07  5.59254E-06  8.38086E-11
  25  5.90787E+03  2.95624E+02  4.99496E-01  266.576  2.43239E-07  4.96318E-06  8.61283E-11
  26  6.20521E+03  2.99057E+02  4.80864E-01  265.497  2.37979E-07  4.48734E-06  9.84209E-11
  27  6.50604E+03  3.02618E+02  4.62647E-01  264.461  2.32722E-07  4.04695E-06  1.12242E-10
  28  6.81017E+03  3.05632E+02  4.44844E-01  262.896  2.27495E-07  3.53288E-06  1.19740E-10
  29  7.11732E+03  3.08669E+02  4.27454E-01  261.290  2.22279E-07  3.03817E-06  1.27171E-10
  30  7.42751E+03  3.11720E+02  4.10475E-01  259.621  2.17057E-07  2.66212E-06  1.39317E-10
  31  7.74070E+03  3.14649E+02  3.93906E-01  257.795  2.11843E-07  2.32092E-06  1.53363E-10
  32  8.05647E+03  3.16889E+02  3.77746E-01  255.364  2.06663E-07  1.94619E-06  1.70564E-10
  33  8.37442E+03  3.19017E+02  3.61993E-01  252.812  2.01502E-07  1.57685E-06  1.87556E-10
  34  8.69451E+03  3.21173E+02  3.46643E-01  250.247  1.96364E-07  1.22886E-06  2.03567E-10
  35  9.01694E+03  3.23673E+02  3.31696E-01  247.900  1.91234E-07  9.72687E-07  2.16803E-10
  36  9.34190E+03  3.26260E+02  3.17149E-01  245.573  1.86129E-07  7.43187E-07  2.28920E-10
  37  9.66946E+03  3.28847E+02  3.03000E-01  243.204  1.81054E-07  5.21594E-07  2.40388E-10
  38  9.99938E+03  3.31005E+02  2.89245E-01  240.470  1.75994E-07  3.85919E-07  2.67162E-10
  39  1.03312E+04  3.32701E+02  2.75882E-01  237.357  1.70952E-07  3.32039E-07  3.08383E-10
  40  1.06648E+04  3.34344E+02  2.62908E-01  234.186  1.65949E-07  2.79997E-07  3.47666E-10
  41  1.09999E+04  3.35967E+02  2.50320E-01  230.986  1.60985E-07  2.29979E-07  3.85887E-10
  42  1.13373E+04  3.38827E+02  2.38115E-01  228.596  1.56065E-07  1.86847E-07  4.48410E-10
  43  1.16779E+04  3.42312E+02  2.26289E-01  226.578  1.51186E-07  1.47704E-07  5.19971E-10
  44  1.20220E+04  3.45844E+02  2.14838E-01  224.521  1.46357E-07  1.10130E-07  5.87798E-10
  45  1.23696E+04  3.49405E+02  2.03759E-01  222.424  1.41573E-07  7.41299E-08  6.51851E-10
  46  1.27209E+04  3.53169E+02  1.93048E-01  220.381  1.36840E-07  5.05307E-08  6.95732E-10
  47  1.30761E+04  3.57209E+02  1.82701E-01  218.434  1.32156E-07  4.29654E-08  7.13927E-10
  48  1.34353E+04  3.61310E+02  1.72713E-01  216.449  1.27527E-07  3.58301E-08  7.30110E-10
  49  1.37987E+04  3.65476E+02  1.63080E-01  214.423  1.22957E-07  2.90045E-08  7.44481E-10
  50  1.41663E+04  3.69695E+02  1.53798E-01  212.353  1.18442E-07  2.24891E-08  7.57022E-10
  51  1.45385E+04  3.74787E+02  1.44861E-01  210.682  1.13992E-07  1.74802E-08  7.79719E-10
  52  1.49166E+04  3.81358E+02  1.36266E-01  209.733  1.09603E-07  1.46753E-08  8.19203E-10
  53  1.53016E+04  3.88650E+02  1.28007E-01  209.037  1.05278E-07  1.24041E-08  8.40904E-10
  54  1.56942E+04  3.96516E+02  1.20078E-01  208.487  1.01022E-07  1.04600E-08  8.51297E-10
  55  1.60948E+04  4.04738E+02  1.12475E-01  207.958  9.68335E-08  8.49276E-09  8.60832E-10
  56  1.65040E+04  4.13535E+02  1.05192E-01  207.545  9.27171E-08  6.21278E-09  8.72746E-10
  57  1.69224E+04  4.23299E+02  9.82241E-02  207.419  8.86713E-08  4.25336E-09  8.84834E-10
  58  1.73522E+04  4.36283E+02  9.15648E-02  208.627  8.47000E-08  3.43008E-09  9.04397E-10
  59  1.77955E+04  4.50307E+02  8.52085E-02  210.039  8.08070E-08  2.79334E-09  9.21548E-10
  60  1.82531E+04  4.65059E+02  7.91492E-02  211.486  7.69890E-08  2.41856E-09  9.28748E-10
  61  1.87260E+04  4.80625E+02  7.33810E-02  212.971  7.32530E-08  2.14392E-09  9.30861E-10
  62  1.92146E+04  4.96678E+02  6.78974E-02  214.338  6.95970E-08  1.91096E-09  9.33527E-10
  63  1.97193E+04  5.12623E+02  6.26921E-02  215.309  6.60254E-08  1.76177E-09  9.41615E-10
  64  2.02403E+04  5.29377E+02  5.77588E-02  216.283  6.25350E-08  1.62512E-09  9.44059E-10
  65  2.07785E+04  5.47123E+02  5.30907E-02  217.286  5.91335E-08  1.49894E-09  9.38044E-10
  66  2.13349E+04  5.65598E+02  4.86812E-02  218.205  5.58176E-08  1.38340E-09  9.36729E-10
  67  2.19098E+04  5.84168E+02  4.45233E-02  218.762  5.25923E-08  1.28942E-09  9.56520E-10
  68  2.25037E+04  6.03730E+02  4.06103E-02  219.302  4.94544E-08  1.20022E-09  9.73034E-10
  69  2.31178E+04  6.24504E+02  3.69352E-02  219.859  4.64086E-08  1.11443E-09  9.84312E-10
  70  2.37534E+04  6.46623E+02  3.34907E-02  220.434  4.34575E-08  1.03210E-09  9.90532E-10
  71  2.44119E+04  6.70252E+02  3.02696E-02  221.049  4.05995E-08  9.52328E-10  9.91612E-10
  72  2.50953E+04  6.96674E+02  2.72647E-02  222.068  3.78355E-08  8.62528E-10  9.84939E-10
  73  2.58064E+04  7.25441E+02  2.44685E-02  223.267  3.51673E-08  7.77747E-10  9.71209E-10
  74  2.65473E+04  7.56402E+02  2.18736E-02  224.512  3.25976E-08  7.18411E-10  9.46260E-10
  75  2.73207E+04  7.90320E+02  1.94725E-02  225.966  3.01246E-08  6.63909E-10  9.12682E-10
  76  2.81305E+04  8.29346E+02  1.72575E-02  228.127  2.77504E-08  6.11583E-10  8.58686E-10
  77  2.89812E+04  8.71996E+02  1.52211E-02  230.444  2.54756E-08  5.61449E-10  8.03424E-10
  78  2.98764E+04  9.18486E+02  1.33555E-02  232.858  2.33006E-08  5.13516E-10  7.46265E-10
  79  3.08203E+04  9.69354E+02  1.16530E-02  235.375  2.12266E-08  4.67807E-10  6.89668E-10
  80  3.18175E+04  1.02508E+03  1.01058E-02  237.992  1.92524E-08  4.24298E-10  6.34047E-10
  81  3.28729E+04  1.08574E+03  8.70622E-03  240.552  1.73805E-08  3.83044E-10  5.71220E-10
  82  3.39921E+04  1.15256E+03  7.44631E-03  243.178  1.56097E-08  3.44017E-10  5.09250E-10
  83  3.51799E+04  1.22301E+03  6.31828E-03  245.193  1.39400E-08  3.07219E-10  4.50127E-10
  84  3.64403E+04  1.29791E+03  5.31441E-03  246.640  1.23701E-08  2.72621E-10  3.94091E-10
  85  3.77836E+04  1.38854E+03  4.42684E-03  249.313  1.09040E-08  2.40309E-10  3.31018E-10
  86  3.92256E+04  1.49552E+03  3.64782E-03  253.023  9.53527E-09  2.10145E-10  2.68775E-10
  87  4.07826E+04  1.61851E+03  2.96971E-03  257.085  8.26778E-09  1.82211E-10  2.17179E-10
  88  4.24746E+04  1.76539E+03  2.38479E-03  262.235  7.09911E-09  1.56455E-10  1.74422E-10
  89  4.43218E+04  1.92912E+03  1.88548E-03  266.820  6.02923E-09  1.32877E-10  1.36217E-10
  90  4.63333E+04  2.09375E+03  1.46427E-03  268.226  5.05557E-09  1.11418E-10  1.00431E-10
  91  4.85221E+04  2.28404E+03  1.11385E-03  269.481  4.17563E-09  9.20258E-11  7.32509E-11
  92  5.09168E+04  2.50531E+03  8.26914E-04  270.160  3.39205E-09  7.47564E-11  5.14037E-11
  93  5.35515E+04  2.76411E+03  5.96366E-04  270.348  2.69714E-09  5.94416E-11  3.38838E-11
  94  5.64593E+04  3.05151E+03  4.15277E-04  267.926  2.09360E-09  4.56137E-11  2.06601E-11
  95  5.96669E+04  3.36368E+03  2.76896E-04  261.816  1.57500E-09  3.33609E-11  1.11445E-11
  96  6.32246E+04  3.75171E+03  1.74804E-04  255.002  1.13889E-09  2.32690E-11  5.17598E-12
  97  6.72295E+04  4.25809E+03  1.02713E-04  247.184  7.84115E-10  1.51989E-11  2.67021E-12
  98  7.17975E+04  4.87783E+03  5.47147E-05  235.390  5.02902E-10  9.12553E-12  1.10689E-12
  99  7.71502E+04  5.82763E+03  2.53192E-05  224.446  2.91069E-10  5.05496E-12  5.28639E-13
 100  8.37842E+04  7.44025E+03  9.36807E-06  212.787  1.43976E-10  2.40134E-12  2.66047E-13
