! Profile created using TESTLAY
! lat=-65.580, lon=  0.000, 1100mb alt(m)=-6.89000E+02
! input=myp40                                                                 
! Input altitudes: not supplied; calculated instead                     
! Input mixing ratios treated as relative to: dry air                   
! H2O saturation: checked & corrected if needed                         
! no altitude(m)  thickness(m) pressure(atm) temp(K) "fixed" amnt  water amnt   ozone amnt
! -- ------------ ------------ ------------ -------- ------------ ------------ ------------
regression profile 40                   
   1 -5.84206E+02  2.09588E+02  1.07120E+00  267.460  3.70103E-07  3.38200E-06  1.49563E-11
   2 -3.73346E+02  2.12131E+02  1.04269E+00  267.150  3.65087E-07  3.23020E-06  1.53525E-11
   3 -1.59925E+02  2.14712E+02  1.01458E+00  266.831  3.60039E-07  3.06068E-06  1.56670E-11
   4  5.61003E+01  2.17339E+02  9.86866E-01  266.511  3.54954E-07  2.90626E-06  1.60482E-11
   5  2.74767E+02  2.19995E+02  9.59551E-01  266.166  3.49840E-07  2.75525E-06  1.64001E-11
   6  4.96039E+02  2.22548E+02  9.32636E-01  265.633  3.44679E-07  2.67411E-06  1.67869E-11
   7  7.19764E+02  2.24902E+02  9.06124E-01  264.799  3.39474E-07  2.67662E-06  1.72230E-11
   8  9.45693E+02  2.26957E+02  8.80018E-01  263.581  3.34263E-07  2.58977E-06  1.76378E-11
   9  1.17345E+03  2.28561E+02  8.54320E-01  261.824  3.29063E-07  2.34585E-06  1.80116E-11
  10  1.40282E+03  2.30178E+02  8.29031E-01  260.056  3.23844E-07  2.09576E-06  1.83803E-11
  11  1.63388E+03  2.31931E+02  8.04152E-01  258.413  3.18597E-07  1.87558E-06  1.87880E-11
  12  1.86666E+03  2.33639E+02  7.79685E-01  256.696  3.13339E-07  1.63542E-06  1.90823E-11
  13  2.10110E+03  2.35245E+02  7.55633E-01  254.843  3.08065E-07  1.37832E-06  1.93837E-11
  14  2.33714E+03  2.36834E+02  7.31995E-01  252.946  3.02779E-07  1.12626E-06  1.96840E-11
  15  2.57474E+03  2.38368E+02  7.08772E-01  250.969  2.97472E-07  8.99649E-07  1.99598E-11
  16  2.81383E+03  2.39813E+02  6.85965E-01  248.873  2.92148E-07  7.11857E-07  2.01798E-11
  17  3.05436E+03  2.41237E+02  6.63575E-01  246.736  2.86811E-07  5.40381E-07  2.04845E-11
  18  3.29632E+03  2.42681E+02  6.41602E-01  244.596  2.81466E-07  3.90235E-07  2.07252E-11
  19  3.53976E+03  2.44195E+02  6.20048E-01  242.506  2.76098E-07  2.95427E-07  2.09023E-11
  20  3.78472E+03  2.45736E+02  5.98911E-01  240.415  2.70728E-07  2.19796E-07  2.11127E-11
  21  4.03124E+03  2.47295E+02  5.78193E-01  238.321  2.65354E-07  1.55881E-07  2.13167E-11
  22  4.27937E+03  2.48967E+02  5.57892E-01  236.308  2.59974E-07  1.22781E-07  2.15040E-11
  23  4.52919E+03  2.50681E+02  5.38010E-01  234.312  2.54593E-07  1.00539E-07  2.16530E-11
  24  4.78073E+03  2.52400E+02  5.18545E-01  232.291  2.49221E-07  8.10007E-08  2.20992E-11
  25  5.03401E+03  2.54162E+02  4.99496E-01  230.284  2.43854E-07  6.51196E-08  2.33818E-11
  26  5.28906E+03  2.55937E+02  4.80864E-01  228.261  2.38497E-07  5.07089E-08  2.48801E-11
  27  5.54593E+03  2.57792E+02  4.62647E-01  226.282  2.33150E-07  3.80372E-08  2.67261E-11
  28  5.80475E+03  2.59857E+02  4.44844E-01  224.454  2.27818E-07  2.81573E-08  2.92059E-11
  29  6.06569E+03  2.62018E+02  4.27454E-01  222.673  2.22500E-07  1.94298E-08  3.18175E-11
  30  6.32896E+03  2.64532E+02  4.10475E-01  221.148  2.17202E-07  1.26885E-08  3.43270E-11
  31  6.59495E+03  2.67449E+02  3.93906E-01  219.911  2.11919E-07  8.07647E-09  3.68655E-11
  32  6.86391E+03  2.70464E+02  3.77746E-01  218.692  2.06663E-07  4.40090E-09  3.93103E-11
  33  7.13591E+03  2.73525E+02  3.61993E-01  217.451  2.01429E-07  2.96905E-09  4.14753E-11
  34  7.41098E+03  2.76618E+02  3.46643E-01  216.175  1.96221E-07  2.47200E-09  4.37127E-11
  35  7.68913E+03  2.79685E+02  3.31696E-01  214.820  1.91040E-07  2.11242E-09  4.58598E-11
  36  7.97032E+03  2.82697E+02  3.17149E-01  213.360  1.85892E-07  1.80431E-09  4.78372E-11
  37  8.25459E+03  2.85838E+02  3.03000E-01  211.939  1.80776E-07  1.56363E-09  5.12189E-11
  38  8.54218E+03  2.89350E+02  2.89245E-01  210.729  1.75693E-07  1.46331E-09  5.84217E-11
  39  8.83338E+03  2.93058E+02  2.75882E-01  209.586  1.70648E-07  1.40811E-09  6.67800E-11
  40  9.12840E+03  2.96979E+02  2.62908E-01  208.518  1.65643E-07  1.36677E-09  7.60519E-11
  41  9.42745E+03  3.01110E+02  2.50320E-01  207.518  1.60677E-07  1.33087E-09  8.56580E-11
  42  9.73086E+03  3.05720E+02  2.38115E-01  206.754  1.55755E-07  1.29776E-09  9.50935E-11
  43  1.00391E+04  3.10808E+02  2.26289E-01  206.211  1.50878E-07  1.26504E-09  1.04148E-10
  44  1.03526E+04  3.16098E+02  2.14838E-01  205.691  1.46050E-07  1.22399E-09  1.12022E-10
  45  1.06714E+04  3.21514E+02  2.03759E-01  205.144  1.41268E-07  1.18041E-09  1.19398E-10
  46  1.09956E+04  3.26896E+02  1.93048E-01  204.459  1.36539E-07  1.13920E-09  1.28869E-10
  47  1.13251E+04  3.32182E+02  1.82701E-01  203.601  1.31863E-07  1.09576E-09  1.40449E-10
  48  1.16600E+04  3.37561E+02  1.72713E-01  202.692  1.27241E-07  1.05165E-09  1.51388E-10
  49  1.20003E+04  3.43110E+02  1.63080E-01  201.766  1.22681E-07  1.01032E-09  1.62569E-10
  50  1.23463E+04  3.48852E+02  1.53798E-01  200.845  1.18173E-07  9.68613E-10  1.77172E-10
  51  1.26981E+04  3.54813E+02  1.44861E-01  199.921  1.13732E-07  9.26837E-10  1.93377E-10
  52  1.30560E+04  3.60965E+02  1.36266E-01  198.984  1.09351E-07  8.88915E-10  2.09380E-10
  53  1.34203E+04  3.67495E+02  1.28007E-01  198.125  1.05034E-07  8.48873E-10  2.24529E-10
  54  1.37913E+04  3.74666E+02  1.20078E-01  197.464  1.00788E-07  8.11734E-10  2.41535E-10
  55  1.41698E+04  3.82189E+02  1.12475E-01  196.839  9.66076E-08  7.75140E-10  2.57546E-10
  56  1.45560E+04  3.90187E+02  1.05192E-01  196.289  9.25008E-08  7.40238E-10  2.73590E-10
  57  1.49506E+04  3.99101E+02  9.82241E-02  196.030  8.84626E-08  7.07431E-10  2.92706E-10
  58  1.53545E+04  4.08619E+02  9.15648E-02  195.870  8.45009E-08  6.75370E-10  3.11446E-10
  59  1.57681E+04  4.18556E+02  8.52085E-02  195.705  8.06151E-08  6.43985E-10  3.28951E-10
  60  1.61918E+04  4.28856E+02  7.91492E-02  195.499  7.68062E-08  6.12127E-10  3.45683E-10
  61  1.66260E+04  4.39592E+02  7.33810E-02  195.269  7.30772E-08  5.82687E-10  3.61510E-10
  62  1.70712E+04  4.50777E+02  6.78974E-02  195.011  6.94288E-08  5.51709E-10  3.71856E-10
  63  1.75277E+04  4.62365E+02  6.26921E-02  194.682  6.58650E-08  5.23411E-10  3.76982E-10
  64  1.79962E+04  4.74598E+02  5.77588E-02  194.385  6.23824E-08  4.94085E-10  3.78063E-10
  65  1.84776E+04  4.88242E+02  5.30907E-02  194.388  5.89877E-08  4.67148E-10  3.76648E-10
  66  1.89735E+04  5.03393E+02  4.86812E-02  194.692  5.56791E-08  4.40949E-10  3.72134E-10
  67  1.94852E+04  5.20152E+02  4.45233E-02  195.276  5.24607E-08  4.15472E-10  3.64727E-10
  68  2.00150E+04  5.39432E+02  4.06103E-02  196.434  4.93303E-08  3.92118E-10  3.53846E-10
  69  2.05645E+04  5.59523E+02  3.69352E-02  197.483  4.62912E-08  3.68818E-10  3.41080E-10
  70  2.11331E+04  5.77686E+02  3.34907E-02  197.445  4.33465E-08  3.44040E-10  3.25736E-10
  71  2.17197E+04  5.95584E+02  3.02696E-02  196.944  4.04946E-08  3.19816E-10  3.10062E-10
  72  2.23248E+04  6.14496E+02  2.72647E-02  196.401  3.77367E-08  2.96412E-10  2.94335E-10
  73  2.29497E+04  6.35377E+02  2.44685E-02  196.075  3.50747E-08  2.74158E-10  2.79423E-10
  74  2.35976E+04  6.60371E+02  2.18736E-02  196.537  3.25108E-08  2.53672E-10  2.67111E-10
  75  2.42718E+04  6.88088E+02  1.94725E-02  197.276  3.00436E-08  2.34740E-10  2.55883E-10
  76  2.49749E+04  7.18102E+02  1.72575E-02  198.080  2.76747E-08  2.16290E-10  2.44633E-10
  77  2.57094E+04  7.50941E+02  1.52211E-02  199.014  2.54052E-08  1.98603E-10  2.36190E-10
  78  2.64783E+04  7.86881E+02  1.33555E-02  200.066  2.32353E-08  1.81982E-10  2.29798E-10
  79  2.72855E+04  8.27420E+02  1.16530E-02  201.483  2.11663E-08  1.66345E-10  2.23494E-10
  80  2.81397E+04  8.80937E+02  1.01058E-02  205.090  1.91968E-08  1.52592E-10  2.20220E-10
  81  2.90544E+04  9.48520E+02  8.70622E-03  210.723  1.73295E-08  1.40796E-10  2.19675E-10
  82  3.00410E+04  1.02469E+03  7.44631E-03  216.795  1.55632E-08  1.28821E-10  2.15927E-10
  83  3.11074E+04  1.10814E+03  6.31828E-03  222.769  1.38980E-08  1.16681E-10  2.06261E-10
  84  3.22619E+04  1.20086E+03  5.31441E-03  228.827  1.23324E-08  1.04907E-10  1.93193E-10
  85  3.35142E+04  1.30361E+03  4.42684E-03  234.747  1.08705E-08  9.33824E-11  1.72815E-10
  86  3.48749E+04  1.41781E+03  3.64782E-03  240.585  9.50570E-09  8.23658E-11  1.48245E-10
  87  3.63575E+04  1.54755E+03  2.96971E-03  246.557  8.24195E-09  7.19753E-11  1.25046E-10
  88  3.79789E+04  1.69506E+03  2.38479E-03  252.575  7.07679E-09  6.21686E-11  1.03842E-10
  89  3.97560E+04  1.85914E+03  1.88548E-03  257.902  6.01013E-09  5.28873E-11  8.45650E-11
  90  4.17077E+04  2.04431E+03  1.46427E-03  262.658  5.03947E-09  4.42489E-11  6.73477E-11
  91  4.38575E+04  2.25529E+03  1.11385E-03  266.890  4.16227E-09  3.64942E-11  5.21219E-11
  92  4.62321E+04  2.49390E+03  8.26914E-04  269.745  3.38118E-09  2.98666E-11  3.74269E-11
  93  4.88599E+04  2.76169E+03  5.96366E-04  270.991  2.68849E-09  2.41856E-11  2.43394E-11
  94  5.17701E+04  3.05877E+03  4.15277E-04  269.340  2.08689E-09  1.90874E-11  1.48513E-11
  95  5.49992E+04  3.39950E+03  2.76896E-04  265.392  1.56997E-09  1.46034E-11  8.60552E-12
  96  5.86044E+04  3.81084E+03  1.74804E-04  259.810  1.13526E-09  1.07298E-11  5.06371E-12
  97  6.26843E+04  4.34891E+03  1.02713E-04  253.134  7.81632E-10  7.51686E-12  2.83695E-12
  98  6.73922E+04  5.06691E+03  5.47147E-05  245.086  5.01430E-10  4.90758E-12  1.49523E-12
  99  7.29565E+04  6.06177E+03  2.53192E-05  234.283  2.90656E-10  2.85265E-12  7.94147E-13
 100  7.97699E+04  7.56505E+03  9.36807E-06  218.089  1.43451E-10  1.25220E-12  3.41300E-13
