! Profile created using TESTLAY
! lat= 53.750, lon=  0.000, 1100mb alt(m)=-6.89000E+02
! input=myp41                                                                 
! Input altitudes: not supplied; calculated instead                     
! Input mixing ratios treated as relative to: dry air                   
! H2O saturation: checked & corrected if needed                         
! no altitude(m)  thickness(m) pressure(atm) temp(K) "fixed" amnt  water amnt   ozone amnt
! -- ------------ ------------ ------------ -------- ------------ ------------ ------------
regression profile 41                   
   1 -5.90393E+02  1.97215E+02  1.07120E+00  251.711  3.71124E-07  4.09967E-07  1.88825E-11
   2 -3.92276E+02  1.99019E+02  1.04269E+00  250.672  3.66075E-07  3.77036E-07  1.93205E-11
   3 -1.92345E+02  2.00842E+02  1.01458E+00  249.621  3.60990E-07  3.42422E-07  1.96413E-11
   4  9.41412E+00  2.02677E+02  9.86866E-01  248.552  3.55871E-07  3.09837E-07  2.00477E-11
   5  2.13022E+02  2.04539E+02  9.59551E-01  247.478  3.50724E-07  2.77186E-07  2.04147E-11
   6  4.18522E+02  2.06462E+02  9.32636E-01  246.445  3.45544E-07  2.46764E-07  2.08351E-11
   7  6.25990E+02  2.08474E+02  9.06124E-01  245.475  3.40340E-07  2.19419E-07  2.13555E-11
   8  8.35432E+02  2.10409E+02  8.80018E-01  244.380  3.35109E-07  1.92463E-07  2.18662E-11
   9  1.04673E+03  2.12187E+02  8.54320E-01  243.068  3.29854E-07  1.65863E-07  2.23445E-11
  10  1.25982E+03  2.13994E+02  8.29031E-01  241.753  3.24576E-07  1.43627E-07  2.28217E-11
  11  1.47476E+03  2.15888E+02  8.04152E-01  240.502  3.19277E-07  1.28183E-07  2.33375E-11
  12  1.69165E+03  2.17884E+02  7.79685E-01  239.330  3.13961E-07  1.15465E-07  2.37274E-11
  13  1.91059E+03  2.20010E+02  7.55633E-01  238.262  3.08626E-07  1.06045E-07  2.41550E-11
  14  2.13169E+03  2.22189E+02  7.31995E-01  237.205  3.03279E-07  9.73235E-08  2.45824E-11
  15  2.35500E+03  2.24420E+02  7.08772E-01  236.163  2.97916E-07  8.91269E-08  2.49451E-11
  16  2.58059E+03  2.26754E+02  6.85965E-01  235.182  2.92546E-07  8.15744E-08  2.51925E-11
  17  2.80852E+03  2.29119E+02  6.63575E-01  234.188  2.87165E-07  7.45835E-08  2.55367E-11
  18  3.03877E+03  2.31372E+02  6.41602E-01  233.031  2.81782E-07  6.67732E-08  2.57765E-11
  19  3.27105E+03  2.33189E+02  6.20048E-01  231.403  2.76390E-07  5.67722E-08  2.58432E-11
  20  3.50509E+03  2.34890E+02  5.98911E-01  229.626  2.71000E-07  4.65859E-08  2.59287E-11
  21  3.74085E+03  2.36629E+02  5.78193E-01  227.860  2.65608E-07  3.73925E-08  2.60209E-11
  22  3.97844E+03  2.38549E+02  5.57892E-01  226.238  2.60215E-07  3.10862E-08  2.61029E-11
  23  4.21799E+03  2.40551E+02  5.38010E-01  224.660  2.54827E-07  2.58391E-08  2.61325E-11
  24  4.45960E+03  2.42678E+02  5.18545E-01  223.161  2.49445E-07  2.13741E-08  2.63804E-11
  25  4.70352E+03  2.45167E+02  4.99496E-01  221.950  2.44069E-07  1.86813E-08  2.71735E-11
  26  4.95001E+03  2.47801E+02  4.80864E-01  220.822  2.38705E-07  1.65659E-08  2.80855E-11
  27  5.19915E+03  2.50478E+02  4.62647E-01  219.678  2.33351E-07  1.46767E-08  2.92301E-11
  28  5.45097E+03  2.53163E+02  4.44844E-01  218.491  2.28011E-07  1.30385E-08  3.07378E-11
  29  5.70551E+03  2.55929E+02  4.27454E-01  217.316  2.22687E-07  1.15776E-08  3.23508E-11
  30  5.96304E+03  2.59120E+02  4.10475E-01  216.441  2.17383E-07  1.05605E-08  3.39055E-11
  31  6.22400E+03  2.62803E+02  3.93906E-01  215.909  2.12094E-07  1.00664E-08  3.55424E-11
  32  6.48881E+03  2.66811E+02  3.77746E-01  215.554  2.06834E-07  9.80456E-09  3.71436E-11
  33  6.75801E+03  2.71597E+02  3.61993E-01  215.734  2.01593E-07  1.01213E-08  3.86288E-11
  34  7.03221E+03  2.76813E+02  3.46643E-01  216.142  1.96380E-07  1.07325E-08  4.02749E-11
  35  7.31170E+03  2.82155E+02  3.31696E-01  216.530  1.91196E-07  1.13840E-08  4.18926E-11
  36  7.59656E+03  2.87577E+02  3.17149E-01  216.855  1.86044E-07  1.19694E-08  4.33911E-11
  37  7.88689E+03  2.93078E+02  3.03000E-01  217.120  1.80922E-07  1.21341E-08  4.60737E-11
  38  8.18268E+03  2.98501E+02  2.89245E-01  217.206  1.75837E-07  1.08838E-08  5.18727E-11
  39  8.48394E+03  3.04016E+02  2.75882E-01  217.236  1.70788E-07  9.26596E-09  5.86796E-11
  40  8.79078E+03  3.09668E+02  2.62908E-01  217.239  1.65781E-07  7.87016E-09  6.63390E-11
  41  9.10335E+03  3.15469E+02  2.50320E-01  217.225  1.60811E-07  6.64649E-09  7.43364E-11
  42  9.42179E+03  3.21407E+02  2.38115E-01  217.175  1.55886E-07  5.59594E-09  8.21494E-11
  43  9.74624E+03  3.27488E+02  2.26289E-01  217.090  1.51006E-07  4.69899E-09  8.95817E-11
  44  1.00769E+04  3.33766E+02  2.14838E-01  217.000  1.46174E-07  3.89487E-09  9.60632E-11
  45  1.04139E+04  3.40250E+02  2.03759E-01  216.908  1.41390E-07  3.21957E-09  1.02077E-10
  46  1.07575E+04  3.46937E+02  1.93048E-01  216.801  1.36657E-07  2.66901E-09  1.09309E-10
  47  1.11079E+04  3.53854E+02  1.82701E-01  216.689  1.31979E-07  2.23244E-09  1.17636E-10
  48  1.14653E+04  3.61002E+02  1.72713E-01  216.571  1.27354E-07  1.82677E-09  1.25527E-10
  49  1.18300E+04  3.68416E+02  1.63080E-01  216.451  1.22789E-07  1.46575E-09  1.33633E-10
  50  1.22023E+04  3.76095E+02  1.53798E-01  216.331  1.18280E-07  1.24871E-09  1.44084E-10
  51  1.25823E+04  3.84079E+02  1.44861E-01  216.211  1.13835E-07  1.12466E-09  1.55678E-10
  52  1.29706E+04  3.92367E+02  1.36266E-01  216.091  1.09452E-07  1.02208E-09  1.67263E-10
  53  1.33672E+04  4.00976E+02  1.28007E-01  215.969  1.05133E-07  9.36032E-10  1.78184E-10
  54  1.37727E+04  4.09928E+02  1.20078E-01  215.841  1.00883E-07  8.89343E-10  1.90301E-10
  55  1.41873E+04  4.19241E+02  1.12475E-01  215.712  9.66999E-08  8.51193E-10  2.01830E-10
  56  1.46114E+04  4.28985E+02  1.05192E-01  215.598  9.25895E-08  8.14561E-10  2.15015E-10
  57  1.50455E+04  4.39235E+02  9.82241E-02  215.533  8.85486E-08  7.79284E-10  2.35757E-10
  58  1.54901E+04  4.50000E+02  9.15648E-02  215.491  8.45844E-08  7.44367E-10  2.57542E-10
  59  1.59457E+04  4.61275E+02  8.52085E-02  215.463  8.06958E-08  7.10400E-10  2.78887E-10
  60  1.64129E+04  4.73111E+02  7.91492E-02  215.453  7.68842E-08  6.75916E-10  3.01214E-10
  61  1.68923E+04  4.85562E+02  7.33810E-02  215.465  7.31528E-08  6.44144E-10  3.23878E-10
  62  1.73844E+04  4.98742E+02  6.78974E-02  215.532  6.95016E-08  6.11011E-10  3.47046E-10
  63  1.78903E+04  5.12930E+02  6.26921E-02  215.740  6.59350E-08  5.81309E-10  3.77835E-10
  64  1.84107E+04  5.27904E+02  5.77588E-02  215.983  6.24494E-08  5.50241E-10  4.06119E-10
  65  1.89465E+04  5.43779E+02  5.30907E-02  216.260  5.90525E-08  5.20796E-10  4.32380E-10
  66  1.94987E+04  5.60662E+02  4.86812E-02  216.600  5.57411E-08  4.91653E-10  4.55276E-10
  67  2.00689E+04  5.79625E+02  4.45233E-02  217.356  5.25200E-08  4.63429E-10  4.75248E-10
  68  2.06599E+04  6.02357E+02  4.06103E-02  219.092  4.93870E-08  4.38392E-10  4.95023E-10
  69  2.12744E+04  6.26641E+02  3.69352E-02  220.907  4.63453E-08  4.13493E-10  5.11003E-10
  70  2.19127E+04  6.50074E+02  3.34907E-02  221.913  4.33980E-08  3.87533E-10  5.20391E-10
  71  2.25748E+04  6.74045E+02  3.02696E-02  222.607  4.05438E-08  3.62394E-10  5.26200E-10
  72  2.32616E+04  6.99508E+02  2.72647E-02  223.283  3.77837E-08  3.37842E-10  5.28704E-10
  73  2.39746E+04  7.26607E+02  2.44685E-02  223.939  3.51192E-08  3.13876E-10  5.27155E-10
  74  2.47156E+04  7.55309E+02  2.18736E-02  224.504  3.25529E-08  2.90480E-10  5.19916E-10
  75  2.54862E+04  7.85980E+02  1.94725E-02  225.046  3.00836E-08  2.68444E-10  5.10469E-10
  76  2.62887E+04  8.18934E+02  1.72575E-02  225.591  2.77123E-08  2.46954E-10  4.97510E-10
  77  2.71253E+04  8.54348E+02  1.52211E-02  226.111  2.54405E-08  2.26271E-10  4.78146E-10
  78  2.79988E+04  8.92508E+02  1.33555E-02  226.607  2.32683E-08  2.06726E-10  4.54717E-10
  79  2.89119E+04  9.33754E+02  1.16530E-02  227.072  2.11971E-08  1.88023E-10  4.29495E-10
  80  2.98674E+04  9.77281E+02  1.01058E-02  227.245  1.92254E-08  1.69591E-10  3.97880E-10
  81  3.08679E+04  1.02372E+03  8.70622E-03  227.167  1.73558E-08  1.52272E-10  3.63526E-10
  82  3.19172E+04  1.07490E+03  7.44631E-03  227.152  1.55871E-08  1.35398E-10  3.27597E-10
  83  3.30213E+04  1.13325E+03  6.31828E-03  227.543  1.39195E-08  1.19552E-10  2.89436E-10
  84  3.41872E+04  1.19858E+03  5.31441E-03  228.119  1.23516E-08  1.04892E-10  2.51916E-10
  85  3.54223E+04  1.27156E+03  4.42684E-03  228.701  1.08874E-08  9.12599E-11  2.12046E-10
  86  3.67344E+04  1.35278E+03  3.64782E-03  229.282  9.52028E-09  7.87430E-11  1.72498E-10
  87  3.81331E+04  1.44447E+03  2.96971E-03  229.875  8.25444E-09  6.73144E-11  1.37504E-10
  88  3.96300E+04  1.54941E+03  2.38479E-03  230.611  7.08717E-09  5.69338E-11  1.07303E-10
  89  4.12426E+04  1.67568E+03  1.88548E-03  232.173  6.01865E-09  4.77536E-11  8.19148E-11
  90  4.29944E+04  1.82797E+03  1.46427E-03  234.572  5.04632E-09  3.96267E-11  6.07570E-11
  91  4.49140E+04  2.01134E+03  1.11385E-03  237.713  4.16762E-09  3.25915E-11  4.34681E-11
  92  4.70360E+04  2.23263E+03  8.26914E-04  241.153  3.38527E-09  2.67685E-11  2.95436E-11
  93  4.93992E+04  2.49380E+03  5.96366E-04  244.366  2.69151E-09  2.18552E-11  1.85734E-11
  94  5.20404E+04  2.78854E+03  4.15277E-04  245.214  2.08906E-09  1.74131E-11  1.08236E-11
  95  5.50003E+04  3.13128E+03  2.76896E-04  244.126  1.57147E-09  1.34600E-11  5.82537E-12
  96  5.83412E+04  3.55047E+03  1.74804E-04  241.726  1.13626E-09  1.00025E-11  3.15622E-12
  97  6.21696E+04  4.10639E+03  1.02713E-04  238.665  7.82256E-10  7.10060E-12  1.56928E-12
  98  6.66477E+04  4.84975E+03  5.47147E-05  234.284  5.01795E-10  4.69888E-12  6.97545E-13
  99  7.19875E+04  5.82995E+03  2.53192E-05  225.111  2.90847E-10  2.74361E-12  3.40301E-13
 100  7.85661E+04  7.32712E+03  9.36807E-06  210.865  1.43535E-10  1.20866E-12  1.57869E-13
