! Profile created using TESTLAY
! lat= 45.000, lon=  0.000, 1100mb alt(m)=-6.89000E+02
! input=myp2                                                                  
! Input altitudes: not supplied; calculated instead                     
! Input mixing ratios treated as relative to: dry air                   
! H2O saturation: checked & corrected if needed                         
! no altitude(m)  thickness(m) pressure(atm) temp(K) "fixed" amnt  water amnt   ozone amnt
! -- ------------ ------------ ------------ -------- ------------ ------------ ------------
regression profile 2                    
   1 -5.71659E+02  2.34682E+02  1.07120E+00  296.878  3.66454E-07  2.24169E-05  2.85193E-11
   2 -3.35881E+02  2.36874E+02  1.04269E+00  295.832  3.61735E-07  2.09245E-05  2.89005E-11
   3 -9.78992E+01  2.39089E+02  1.01458E+00  294.772  3.56976E-07  1.94485E-05  2.92670E-11
   4  1.42307E+02  2.41325E+02  9.86866E-01  293.698  3.52179E-07  1.79895E-05  2.96183E-11
   5  3.84762E+02  2.43585E+02  9.59551E-01  292.610  3.47349E-07  1.65486E-05  2.99548E-11
   6  6.29488E+02  2.45867E+02  9.32636E-01  291.507  3.42484E-07  1.51263E-05  3.02755E-11
   7  8.76510E+02  2.48176E+02  9.06124E-01  290.389  3.37590E-07  1.37237E-05  3.05806E-11
   8  1.12586E+03  2.50521E+02  8.80018E-01  289.261  3.32644E-07  1.24285E-05  3.09006E-11
   9  1.37757E+03  2.52912E+02  8.54320E-01  288.126  3.27642E-07  1.12824E-05  3.12499E-11
  10  1.63170E+03  2.55331E+02  8.29031E-01  286.975  3.22613E-07  1.01550E-05  3.15817E-11
  11  1.88825E+03  2.57778E+02  8.04152E-01  285.808  3.17560E-07  9.04566E-06  3.18953E-11
  12  2.14719E+03  2.60107E+02  7.79685E-01  284.461  3.12473E-07  8.01459E-06  3.23604E-11
  13  2.40840E+03  2.62301E+02  7.55633E-01  282.918  3.07349E-07  7.06402E-06  3.29812E-11
  14  2.67181E+03  2.64516E+02  7.31995E-01  281.353  3.02210E-07  6.13063E-06  3.35763E-11
  15  2.93743E+03  2.66741E+02  7.08772E-01  279.765  2.97049E-07  5.21882E-06  3.41457E-11
  16  3.20531E+03  2.69018E+02  6.85965E-01  278.162  2.91831E-07  4.53426E-06  3.47770E-11
  17  3.47549E+03  2.71330E+02  6.63575E-01  276.540  2.86571E-07  3.98416E-06  3.54299E-11
  18  3.74799E+03  2.73663E+02  6.41602E-01  274.894  2.81306E-07  3.44498E-06  3.60521E-11
  19  4.02282E+03  2.76014E+02  6.20048E-01  273.227  2.76026E-07  2.93260E-06  3.66618E-11
  20  4.30005E+03  2.78430E+02  5.98911E-01  271.563  2.70723E-07  2.52908E-06  3.73627E-11
  21  4.57969E+03  2.80868E+02  5.78193E-01  269.878  2.65412E-07  2.15136E-06  3.80487E-11
  22  4.86179E+03  2.83325E+02  5.57892E-01  268.168  2.60099E-07  1.78218E-06  3.86976E-11
  23  5.14637E+03  2.85836E+02  5.38010E-01  266.452  2.54770E-07  1.50279E-06  3.94713E-11
  24  5.43350E+03  2.88415E+02  5.18545E-01  264.737  2.49425E-07  1.32972E-06  4.04027E-11
  25  5.72321E+03  2.91014E+02  4.99496E-01  262.995  2.44084E-07  1.16115E-06  4.12866E-11
  26  6.01553E+03  2.93626E+02  4.80864E-01  261.216  2.38752E-07  1.00229E-06  4.22171E-11
  27  6.31044E+03  2.96200E+02  4.62647E-01  259.351  2.33422E-07  8.82548E-07  4.36875E-11
  28  6.60793E+03  2.98779E+02  4.44844E-01  257.445  2.28104E-07  7.71922E-07  4.51907E-11
  29  6.90801E+03  3.01377E+02  4.27454E-01  255.508  2.22801E-07  6.64253E-07  4.66193E-11
  30  7.21071E+03  3.04014E+02  4.10475E-01  253.554  2.17514E-07  5.72280E-07  4.79618E-11
  31  7.51605E+03  3.06678E+02  3.93906E-01  251.579  2.12241E-07  4.91892E-07  4.92199E-11
  32  7.82408E+03  3.09364E+02  3.77746E-01  249.570  2.06993E-07  4.13792E-07  5.04029E-11
  33  8.13480E+03  3.12084E+02  3.61993E-01  247.541  2.01766E-07  3.46722E-07  5.18615E-11
  34  8.44827E+03  3.14855E+02  3.46643E-01  245.501  1.96559E-07  2.97686E-07  5.38770E-11
  35  8.76452E+03  3.17645E+02  3.31696E-01  243.428  1.91381E-07  2.50529E-07  5.57946E-11
  36  9.08358E+03  3.20483E+02  3.17149E-01  241.340  1.86234E-07  2.07700E-07  5.75543E-11
  37  9.40554E+03  3.23435E+02  3.03000E-01  239.284  1.81116E-07  1.74858E-07  5.90689E-11
  38  9.73047E+03  3.26414E+02  2.89245E-01  237.196  1.76033E-07  1.43718E-07  6.04647E-11
  39  1.00584E+04  3.29418E+02  2.75882E-01  235.072  1.70986E-07  1.14157E-07  6.25856E-11
  40  1.03893E+04  3.32454E+02  2.62908E-01  232.916  1.65978E-07  8.76151E-08  6.78256E-11
  41  1.07233E+04  3.35509E+02  2.50320E-01  230.721  1.61008E-07  6.22733E-08  7.31186E-11
  42  1.10604E+04  3.38611E+02  2.38115E-01  228.502  1.56083E-07  4.06300E-08  7.79069E-11
  43  1.14006E+04  3.41824E+02  2.26289E-01  226.300  1.51199E-07  2.92115E-08  8.16852E-11
  44  1.17440E+04  3.45073E+02  2.14838E-01  224.061  1.46364E-07  1.90924E-08  8.51430E-11
  45  1.20907E+04  3.48362E+02  2.03759E-01  221.794  1.41575E-07  1.10667E-08  8.94854E-11
  46  1.24408E+04  3.51751E+02  1.93048E-01  219.527  1.36837E-07  7.64960E-09  9.64472E-11
  47  1.27943E+04  3.55167E+02  1.82701E-01  217.216  1.32153E-07  4.61276E-09  1.03111E-10
  48  1.31519E+04  3.60190E+02  1.72713E-01  215.798  1.27523E-07  2.67180E-09  1.12470E-10
  49  1.35159E+04  3.67710E+02  1.63080E-01  215.749  1.22952E-07  2.19276E-09  1.25737E-10
  50  1.38875E+04  3.75520E+02  1.53798E-01  215.712  1.18437E-07  1.75009E-09  1.37987E-10
  51  1.42671E+04  3.83680E+02  1.44861E-01  215.700  1.13986E-07  1.44253E-09  1.42947E-10
  52  1.46550E+04  3.92178E+02  1.36266E-01  215.700  1.09597E-07  1.20562E-09  1.44244E-10
  53  1.50516E+04  4.01009E+02  1.28007E-01  215.700  1.05273E-07  1.00414E-09  1.45927E-10
  54  1.54572E+04  4.10205E+02  1.20078E-01  215.700  1.01017E-07  9.34532E-10  1.50776E-10
  55  1.58722E+04  4.19775E+02  1.12475E-01  215.700  9.68282E-08  8.84740E-10  1.55567E-10
  56  1.62970E+04  4.29759E+02  1.05192E-01  215.700  9.27124E-08  8.36215E-10  1.59871E-10
  57  1.67319E+04  4.40160E+02  9.82241E-02  215.700  8.86662E-08  7.88966E-10  1.63648E-10
  58  1.71777E+04  4.51398E+02  9.15648E-02  215.872  8.46966E-08  7.44977E-10  1.74106E-10
  59  1.76353E+04  4.63836E+02  8.52085E-02  216.368  8.08028E-08  7.05549E-10  1.96405E-10
  60  1.81057E+04  4.76895E+02  7.91492E-02  216.886  7.69856E-08  6.69471E-10  2.21572E-10
  61  1.85895E+04  4.90631E+02  7.33810E-02  217.421  7.32502E-08  6.41341E-10  2.58759E-10
  62  1.90873E+04  5.05115E+02  6.78974E-02  217.990  6.95949E-08  6.15078E-10  2.93705E-10
  63  1.96002E+04  5.20549E+02  6.26921E-02  218.650  6.60228E-08  5.92518E-10  3.25309E-10
  64  2.01288E+04  5.36789E+02  5.77588E-02  219.324  6.25323E-08  5.71419E-10  3.51389E-10
  65  2.06742E+04  5.53887E+02  5.30907E-02  219.982  5.91317E-08  5.53496E-10  3.68282E-10
  66  2.12371E+04  5.71934E+02  4.86812E-02  220.657  5.58160E-08  5.35420E-10  3.85551E-10
  67  2.18186E+04  5.91062E+02  4.45233E-02  221.350  5.25908E-08  5.17151E-10  4.05079E-10
  68  2.24198E+04  6.11359E+02  4.06103E-02  222.077  4.94534E-08  5.03998E-10  4.22180E-10
  69  2.30419E+04  6.32910E+02  3.69352E-02  222.821  4.64080E-08  4.91843E-10  4.37504E-10
  70  2.36862E+04  6.55676E+02  3.34907E-02  223.525  4.34566E-08  4.72739E-10  4.54367E-10
  71  2.43541E+04  6.80049E+02  3.02696E-02  224.284  4.05987E-08  4.54542E-10  4.76055E-10
  72  2.50473E+04  7.06264E+02  2.72647E-02  225.132  3.78349E-08  4.37070E-10  4.98346E-10
  73  2.57677E+04  7.34598E+02  2.44685E-02  226.090  3.51670E-08  4.14054E-10  4.99395E-10
  74  2.65175E+04  7.65088E+02  2.18736E-02  227.096  3.25973E-08  3.90538E-10  4.95252E-10
  75  2.72990E+04  7.97941E+02  1.94725E-02  228.154  3.01246E-08  3.67376E-10  4.88579E-10
  76  2.81155E+04  8.34959E+02  1.72575E-02  229.678  2.77503E-08  3.44663E-10  4.76572E-10
  77  2.89709E+04  8.75850E+02  1.52211E-02  231.469  2.54755E-08  3.22396E-10  4.61449E-10
  78  2.98690E+04  9.20361E+02  1.33555E-02  233.340  2.33006E-08  3.00467E-10  4.45035E-10
  79  3.08138E+04  9.69326E+02  1.16530E-02  235.375  2.12266E-08  2.77609E-10  4.29661E-10
  80  3.18100E+04  1.02306E+03  1.01058E-02  237.529  1.92523E-08  2.55023E-10  4.13418E-10
  81  3.28630E+04  1.08283E+03  8.70622E-03  239.909  1.73804E-08  2.32905E-10  3.93338E-10
  82  3.39794E+04  1.14998E+03  7.44631E-03  242.632  1.56097E-08  2.11080E-10  3.68472E-10
  83  3.51667E+04  1.22471E+03  6.31828E-03  245.512  1.39400E-08  1.90119E-10  3.39935E-10
  84  3.64333E+04  1.30838E+03  5.31441E-03  248.606  1.23701E-08  1.69636E-10  2.99482E-10
  85  3.77890E+04  1.40301E+03  4.42684E-03  251.912  1.09040E-08  1.50534E-10  2.57100E-10
  86  3.92456E+04  1.51026E+03  3.64782E-03  255.518  9.53531E-09  1.33129E-10  2.07970E-10
  87  4.08173E+04  1.63307E+03  2.96971E-03  259.406  8.26789E-09  1.17564E-10  1.60390E-10
  88  4.25211E+04  1.77461E+03  2.38479E-03  263.621  7.09922E-09  1.03524E-10  1.16190E-10
  89  4.43782E+04  1.93965E+03  1.88548E-03  268.222  6.02933E-09  8.98357E-11  8.10626E-11
  90  4.64129E+04  2.12976E+03  1.46427E-03  272.763  5.05571E-09  7.62822E-11  5.51428E-11
  91  4.86449E+04  2.33418E+03  1.11385E-03  275.409  4.17578E-09  6.32691E-11  3.68227E-11
  92  5.10840E+04  2.54400E+03  8.26914E-04  274.404  3.39223E-09  5.11139E-11  2.43053E-11
  93  5.37410E+04  2.77000E+03  5.96366E-04  271.015  2.69731E-09  4.00515E-11  1.53741E-11
  94  5.66381E+04  3.02412E+03  4.15277E-04  265.558  2.09372E-09  3.02378E-11  9.49602E-12
  95  5.98044E+04  3.30853E+03  2.76896E-04  257.614  1.57508E-09  2.17313E-11  5.77792E-12
  96  6.32703E+04  3.62326E+03  1.74804E-04  246.497  1.13892E-09  1.45122E-11  3.09970E-12
  97  6.70750E+04  3.98620E+03  1.02713E-04  231.804  7.84087E-10  8.93242E-12  1.40133E-12
  98  7.12753E+04  4.41447E+03  5.47147E-05  213.524  5.02932E-10  4.90709E-12  4.99811E-13
  99  7.59800E+04  4.99492E+03  2.53192E-05  193.273  2.91387E-10  2.27683E-12  1.64488E-13
 100  8.14973E+04  6.03962E+03  9.36807E-06  173.362  1.43765E-10  7.88270E-13  1.15838E-13
