! Profile created using TESTLAY
! lat=-69.000, lon=  0.000, 1100mb alt(m)=-6.89000E+02
! input=myp36                                                                 
! Input altitudes: not supplied; calculated instead                     
! Input mixing ratios treated as relative to: dry air                   
! H2O saturation: checked & corrected if needed                         
! no altitude(m)  thickness(m) pressure(atm) temp(K) "fixed" amnt  water amnt   ozone amnt
! -- ------------ ------------ ------------ -------- ------------ ------------ ------------
regression profile 36                   
   1 -5.90773E+02  1.96454E+02  1.07120E+00  251.024  3.70669E-07  5.00757E-07  5.35870E-11
   2 -3.93192E+02  1.98709E+02  1.04269E+00  250.565  3.65628E-07  4.59745E-07  5.42437E-11
   3 -1.93337E+02  2.01000E+02  1.01458E+00  250.101  3.60551E-07  4.19187E-07  5.48748E-11
   4  8.82522E+00  2.03325E+02  9.86866E-01  249.630  3.55439E-07  3.79107E-07  5.54798E-11
   5  2.13332E+02  2.05688E+02  9.59551E-01  249.153  3.50299E-07  3.39531E-07  5.60587E-11
   6  4.20236E+02  2.08119E+02  9.32636E-01  248.707  3.45128E-07  3.02684E-07  5.66082E-11
   7  6.29618E+02  2.10645E+02  9.06124E-01  248.316  3.39931E-07  2.69853E-07  5.71273E-11
   8  8.41607E+02  2.13333E+02  8.80018E-01  248.056  3.34706E-07  2.43507E-07  5.77755E-11
   9  1.05642E+03  2.16293E+02  8.54320E-01  248.050  3.29455E-07  2.28573E-07  5.86833E-11
  10  1.27421E+03  2.19290E+02  8.29031E-01  248.014  3.24182E-07  2.16839E-07  5.92388E-11
  11  1.49500E+03  2.22291E+02  8.04152E-01  247.912  3.18888E-07  2.10108E-07  5.91900E-11
  12  1.71882E+03  2.25344E+02  7.79685E-01  247.799  3.13577E-07  2.03354E-07  5.98456E-11
  13  1.94571E+03  2.28446E+02  7.55633E-01  247.672  3.08247E-07  1.96395E-07  6.15146E-11
  14  2.17575E+03  2.31618E+02  7.31995E-01  247.544  3.02908E-07  1.89500E-07  6.31348E-11
  15  2.40888E+03  2.34643E+02  7.08772E-01  247.194  2.97552E-07  1.80403E-07  6.46290E-11
  16  2.64483E+03  2.37266E+02  6.85965E-01  246.358  2.92190E-07  1.66530E-07  6.59232E-11
  17  2.88342E+03  2.39913E+02  6.63575E-01  245.492  2.86818E-07  1.52712E-07  6.71548E-11
  18  3.12467E+03  2.42595E+02  6.41602E-01  244.604  2.81443E-07  1.39655E-07  6.84017E-11
  19  3.36861E+03  2.45267E+02  6.20048E-01  243.656  2.76058E-07  1.29399E-07  6.99479E-11
  20  3.61523E+03  2.47980E+02  5.98911E-01  242.686  2.70676E-07  1.19692E-07  7.14761E-11
  21  3.86460E+03  2.50753E+02  5.78193E-01  241.722  2.65291E-07  1.11507E-07  7.28811E-11
  22  4.11684E+03  2.53733E+02  5.57892E-01  240.896  2.59904E-07  1.13205E-07  7.38483E-11
  23  4.37210E+03  2.56797E+02  5.38010E-01  240.089  2.54519E-07  1.16782E-07  7.46768E-11
  24  4.63048E+03  2.59947E+02  5.18545E-01  239.292  2.49143E-07  1.24908E-07  7.62684E-11
  25  4.89211E+03  2.63326E+02  4.99496E-01  238.633  2.43766E-07  1.63010E-07  8.30740E-11
  26  5.15718E+03  2.66805E+02  4.80864E-01  237.992  2.38398E-07  2.05439E-07  9.06024E-11
  27  5.42562E+03  2.70085E+02  4.62647E-01  237.106  2.33046E-07  2.30642E-07  9.68117E-11
  28  5.69693E+03  2.72538E+02  4.44844E-01  235.443  2.27719E-07  2.04520E-07  9.94463E-11
  29  5.97067E+03  2.74940E+02  4.27454E-01  233.692  2.22407E-07  1.75167E-07  1.01680E-10
  30  6.24668E+03  2.77068E+02  4.10475E-01  231.670  2.17116E-07  1.46832E-07  1.03780E-10
  31  6.52464E+03  2.78854E+02  3.93906E-01  229.333  2.11841E-07  1.19543E-07  1.05740E-10
  32  6.80438E+03  2.80634E+02  3.77746E-01  226.960  2.06593E-07  9.35839E-08  1.07723E-10
  33  7.08593E+03  2.82462E+02  3.61993E-01  224.603  2.01364E-07  7.37236E-08  1.11171E-10
  34  7.36931E+03  2.84293E+02  3.46643E-01  222.221  1.96162E-07  5.58949E-08  1.14844E-10
  35  7.65451E+03  2.86124E+02  3.31696E-01  219.814  1.90986E-07  4.14517E-08  1.18297E-10
  36  7.94156E+03  2.87970E+02  3.17149E-01  217.389  1.85842E-07  3.16310E-08  1.21531E-10
  37  8.23048E+03  2.89863E+02  3.03000E-01  214.973  1.80729E-07  2.29784E-08  1.23980E-10
  38  8.52148E+03  2.92139E+02  2.89245E-01  212.809  1.75649E-07  1.90490E-08  1.23089E-10
  39  8.81479E+03  2.94487E+02  2.75882E-01  210.658  1.70606E-07  1.59685E-08  1.21685E-10
  40  9.11054E+03  2.96999E+02  2.62908E-01  208.583  1.65602E-07  1.34651E-08  1.21602E-10
  41  9.40883E+03  2.99592E+02  2.50320E-01  206.522  1.60637E-07  1.12556E-08  1.22002E-10
  42  9.71001E+03  3.02761E+02  2.38115E-01  204.801  1.55718E-07  9.39003E-09  1.22263E-10
  43  1.00146E+04  3.06468E+02  2.26289E-01  203.382  1.50842E-07  7.81966E-09  1.22379E-10
  44  1.03230E+04  3.10273E+02  2.14838E-01  201.952  1.46014E-07  6.46092E-09  1.22356E-10
  45  1.06352E+04  3.14182E+02  2.03759E-01  200.515  1.41234E-07  5.34772E-09  1.22190E-10
  46  1.09518E+04  3.19081E+02  1.93048E-01  199.614  1.36506E-07  4.41770E-09  1.21115E-10
  47  1.12741E+04  3.25425E+02  1.82701E-01  199.504  1.31831E-07  3.71566E-09  1.18874E-10
  48  1.16028E+04  3.32000E+02  1.72713E-01  199.397  1.27210E-07  3.04457E-09  1.16577E-10
  49  1.19382E+04  3.38820E+02  1.63080E-01  199.288  1.22650E-07  2.40580E-09  1.14238E-10
  50  1.22806E+04  3.45877E+02  1.53798E-01  199.177  1.18144E-07  1.91781E-09  1.11850E-10
  51  1.26301E+04  3.53210E+02  1.44861E-01  199.063  1.13704E-07  1.51996E-09  1.09425E-10
  52  1.29871E+04  3.60817E+02  1.36266E-01  198.947  1.09324E-07  1.14135E-09  1.06958E-10
  53  1.33519E+04  3.68691E+02  1.28007E-01  198.815  1.05009E-07  8.45364E-10  1.04653E-10
  54  1.37246E+04  3.76804E+02  1.20078E-01  198.636  1.00763E-07  7.55442E-10  1.02904E-10
  55  1.41057E+04  3.85229E+02  1.12475E-01  198.450  9.65844E-08  6.82823E-10  1.01114E-10
  56  1.44953E+04  3.94023E+02  1.05192E-01  198.266  9.24783E-08  6.21007E-10  9.97535E-11
  57  1.48939E+04  4.03270E+02  9.82241E-02  198.126  8.84409E-08  6.14954E-10  1.01819E-10
  58  1.53020E+04  4.12950E+02  9.15648E-02  197.993  8.44807E-08  6.18414E-10  1.04233E-10
  59  1.57200E+04  4.23057E+02  8.52085E-02  197.856  8.05959E-08  6.21082E-10  1.09708E-10
  60  1.61484E+04  4.33616E+02  7.91492E-02  197.716  7.67875E-08  6.27640E-10  1.38288E-10
  61  1.65875E+04  4.44677E+02  7.33810E-02  197.573  7.30603E-08  6.33291E-10  1.69137E-10
  62  1.70381E+04  4.56434E+02  6.78974E-02  197.501  6.94127E-08  6.27417E-10  2.01740E-10
  63  1.75010E+04  4.69369E+02  6.26921E-02  197.674  6.58496E-08  5.90659E-10  2.45204E-10
  64  1.79772E+04  4.83010E+02  5.77588E-02  197.875  6.23674E-08  5.52863E-10  2.85573E-10
  65  1.84680E+04  4.98598E+02  5.30907E-02  198.548  5.89746E-08  5.34709E-10  3.07257E-10
  66  1.89753E+04  5.16006E+02  4.86812E-02  199.609  5.56668E-08  5.29948E-10  3.15253E-10
  67  1.95005E+04  5.34523E+02  4.45233E-02  200.713  5.24493E-08  5.22491E-10  3.28014E-10
  68  2.00449E+04  5.54287E+02  4.06103E-02  201.888  4.93197E-08  5.09471E-10  3.59952E-10
  69  2.06098E+04  5.75373E+02  3.69352E-02  203.113  4.62816E-08  4.93268E-10  3.87747E-10
  70  2.11966E+04  5.98201E+02  3.34907E-02  204.486  4.33374E-08  4.57836E-10  3.96014E-10
  71  2.18070E+04  6.22689E+02  3.02696E-02  205.931  4.04864E-08  4.19293E-10  3.98041E-10
  72  2.24428E+04  6.48928E+02  2.72647E-02  207.425  3.77299E-08  3.82629E-10  3.97996E-10
  73  2.31061E+04  6.77572E+02  2.44685E-02  209.114  3.50686E-08  3.46857E-10  3.95626E-10
  74  2.38006E+04  7.11447E+02  2.18736E-02  211.753  3.25055E-08  3.07436E-10  3.89542E-10
  75  2.45306E+04  7.48633E+02  1.94725E-02  214.646  3.00392E-08  2.69718E-10  3.81573E-10
  76  2.52994E+04  7.89033E+02  1.72575E-02  217.651  2.76712E-08  2.34726E-10  3.72134E-10
  77  2.61111E+04  8.34203E+02  1.52211E-02  221.075  2.54026E-08  2.07399E-10  3.60060E-10
  78  2.69704E+04  8.84492E+02  1.33555E-02  224.870  2.32336E-08  1.85524E-10  3.45983E-10
  79  2.78825E+04  9.39758E+02  1.16530E-02  228.832  2.11654E-08  1.65109E-10  3.31016E-10
  80  2.88543E+04  1.00382E+03  1.01058E-02  233.699  1.91967E-08  1.55500E-10  3.15211E-10
  81  2.98950E+04  1.07753E+03  8.70622E-03  239.387  1.73301E-08  1.52757E-10  2.98706E-10
  82  3.10134E+04  1.15922E+03  7.44631E-03  245.255  1.55644E-08  1.47753E-10  2.81735E-10
  83  3.22161E+04  1.24617E+03  6.31828E-03  250.509  1.38996E-08  1.32605E-10  2.65448E-10
  84  3.35104E+04  1.34253E+03  5.31441E-03  255.802  1.23344E-08  1.16171E-10  2.48790E-10
  85  3.49026E+04  1.44179E+03  4.42684E-03  259.638  1.08727E-08  9.56970E-11  2.34622E-10
  86  3.63962E+04  1.54546E+03  3.64782E-03  262.242  9.50807E-09  7.36177E-11  2.21536E-10
  87  3.79979E+04  1.65784E+03  2.96971E-03  264.147  8.24436E-09  5.73642E-11  1.90253E-10
  88  3.97165E+04  1.77951E+03  2.38479E-03  265.170  7.07903E-09  4.62437E-11  1.45200E-10
  89  4.15595E+04  1.90640E+03  1.88548E-03  264.507  6.01216E-09  4.50887E-11  1.03603E-10
  90  4.35342E+04  2.04307E+03  1.46427E-03  262.559  5.04123E-09  4.64806E-11  7.00349E-11
  91  4.56528E+04  2.19416E+03  1.11385E-03  259.724  4.16368E-09  4.13547E-11  5.45772E-11
  92  4.79369E+04  2.37396E+03  8.26914E-04  256.817  3.38223E-09  3.17792E-11  3.84010E-11
  93  5.04170E+04  2.58619E+03  5.96366E-04  253.798  2.68920E-09  2.14153E-11  2.25764E-11
  94  5.31211E+04  2.82201E+03  4.15277E-04  248.560  2.08731E-09  1.72645E-11  1.32895E-11
  95  5.60790E+04  3.09389E+03  2.76896E-04  241.623  1.57015E-09  1.48343E-11  7.42610E-12
  96  5.93356E+04  3.41929E+03  1.74804E-04  233.255  1.13528E-09  1.15471E-11  3.48549E-12
  97  6.29636E+04  3.83668E+03  1.02713E-04  223.544  7.81537E-10  7.05343E-12  2.00120E-12
  98  6.70724E+04  4.38098E+03  5.47147E-05  212.201  5.01280E-10  3.65064E-12  1.15266E-12
  99  7.18536E+04  5.18137E+03  2.53192E-05  200.409  2.90627E-10  1.76030E-12  5.34758E-13
 100  7.77384E+04  6.58829E+03  9.36807E-06  189.211  1.43486E-10  9.14303E-13  2.46026E-13
