! Profile created using TESTLAY
! lat= 60.000, lon=  0.000, 1100mb alt(m)=-6.89000E+02
! input=myp5                                                                  
! Input altitudes: not supplied; calculated instead                     
! Input mixing ratios treated as relative to: dry air                   
! H2O saturation: checked & corrected if needed                         
! no altitude(m)  thickness(m) pressure(atm) temp(K) "fixed" amnt  water amnt   ozone amnt
! -- ------------ ------------ ------------ -------- ------------ ------------ ------------
regression profile 5                    
   1 -5.88650E+02  2.00701E+02  1.07120E+00  256.205  3.70722E-07  1.32434E-06  1.69604E-11
   2 -3.86454E+02  2.03691E+02  1.04269E+00  256.594  3.65663E-07  1.34963E-06  1.72848E-11
   3 -1.81236E+02  2.06744E+02  1.01458E+00  256.988  3.60568E-07  1.37416E-06  1.75994E-11
   4  2.70674E+01  2.09863E+02  9.86866E-01  257.386  3.55440E-07  1.39790E-06  1.79040E-11
   5  2.38523E+02  2.13050E+02  9.59551E-01  257.791  3.50283E-07  1.42086E-06  1.81986E-11
   6  4.53200E+02  2.16304E+02  9.32636E-01  258.200  3.45096E-07  1.44300E-06  1.84826E-11
   7  6.71170E+02  2.19634E+02  9.06124E-01  258.616  3.39885E-07  1.46433E-06  1.87561E-11
   8  8.92474E+02  2.22974E+02  8.80018E-01  258.965  3.34647E-07  1.47964E-06  1.90177E-11
   9  1.11679E+03  2.25658E+02  8.54320E-01  258.491  3.29401E-07  1.43532E-06  1.92580E-11
  10  1.34371E+03  2.28175E+02  8.29031E-01  257.766  3.24136E-07  1.37424E-06  1.94842E-11
  11  1.57316E+03  2.30729E+02  8.04152E-01  257.031  3.18851E-07  1.31380E-06  1.96991E-11
  12  1.80518E+03  2.33323E+02  7.79685E-01  256.286  3.13550E-07  1.25402E-06  1.99026E-11
  13  2.03983E+03  2.35960E+02  7.55633E-01  255.535  3.08231E-07  1.18806E-06  2.02534E-11
  14  2.27713E+03  2.38646E+02  7.31995E-01  254.778  3.02903E-07  1.11584E-06  2.07544E-11
  15  2.51714E+03  2.41372E+02  7.08772E-01  254.009  2.97559E-07  1.04466E-06  2.12365E-11
  16  2.75990E+03  2.44142E+02  6.85965E-01  253.230  2.92206E-07  9.74567E-07  2.16993E-11
  17  3.00537E+03  2.46813E+02  6.63575E-01  252.292  2.86846E-07  8.98179E-07  2.21752E-11
  18  3.25341E+03  2.49252E+02  6.41602E-01  251.063  2.81485E-07  8.09486E-07  2.26908E-11
  19  3.50389E+03  2.51708E+02  6.20048E-01  249.809  2.76115E-07  7.22142E-07  2.31849E-11
  20  3.75684E+03  2.54198E+02  5.98911E-01  248.536  2.70745E-07  6.36557E-07  2.36565E-11
  21  4.01222E+03  2.56556E+02  5.78193E-01  247.091  2.65374E-07  5.54583E-07  2.41381E-11
  22  4.26982E+03  2.58658E+02  5.57892E-01  245.358  2.60002E-07  4.77490E-07  2.46519E-11
  23  4.52953E+03  2.60763E+02  5.38010E-01  243.593  2.54631E-07  4.02205E-07  2.51405E-11
  24  4.79136E+03  2.62882E+02  5.18545E-01  241.801  2.49271E-07  3.28720E-07  2.56029E-11
  25  5.05532E+03  2.65038E+02  4.99496E-01  240.007  2.43910E-07  2.72518E-07  2.61096E-11
  26  5.32145E+03  2.67235E+02  4.80864E-01  238.210  2.38559E-07  2.32817E-07  2.66571E-11
  27  5.58979E+03  2.69442E+02  4.62647E-01  236.384  2.33216E-07  1.94115E-07  2.71727E-11
  28  5.86034E+03  2.71662E+02  4.44844E-01  234.531  2.27888E-07  1.57135E-07  2.77930E-11
  29  6.13314E+03  2.73936E+02  4.27454E-01  232.683  2.22571E-07  1.33797E-07  3.08458E-11
  30  6.40823E+03  2.76239E+02  4.10475E-01  230.819  2.17274E-07  1.15857E-07  3.47153E-11
  31  6.68562E+03  2.78550E+02  3.93906E-01  228.925  2.11994E-07  9.84078E-08  3.84374E-11
  32  6.96535E+03  2.80899E+02  3.77746E-01  227.017  2.06740E-07  8.07640E-08  4.20983E-11
  33  7.24746E+03  2.83334E+02  3.61993E-01  225.140  2.01507E-07  6.13596E-08  4.58904E-11
  34  7.53203E+03  2.85791E+02  3.46643E-01  223.237  1.96302E-07  4.23872E-08  4.95412E-11
  35  7.81906E+03  2.88273E+02  3.31696E-01  221.312  1.91123E-07  2.42417E-08  5.31510E-11
  36  8.10899E+03  2.91599E+02  3.17149E-01  219.972  1.85975E-07  1.69516E-08  6.33144E-11
  37  8.40253E+03  2.95476E+02  3.03000E-01  218.980  1.80856E-07  1.58919E-08  7.69802E-11
  38  8.69999E+03  2.99438E+02  2.89245E-01  217.970  1.75773E-07  1.48584E-08  9.00602E-11
  39  9.00166E+03  3.03903E+02  2.75882E-01  217.234  1.70726E-07  1.36239E-08  1.01890E-10
  40  9.30836E+03  3.09500E+02  2.62908E-01  217.200  1.65720E-07  1.18827E-08  1.11583E-10
  41  9.62077E+03  3.15317E+02  2.50320E-01  217.200  1.60751E-07  1.01757E-08  1.20693E-10
  42  9.93909E+03  3.21329E+02  2.38115E-01  217.200  1.55829E-07  8.52493E-09  1.28485E-10
  43  1.02635E+04  3.27535E+02  2.26289E-01  217.200  1.50950E-07  6.91098E-09  1.31782E-10
  44  1.05943E+04  3.33955E+02  2.14838E-01  217.200  1.46122E-07  5.35725E-09  1.34230E-10
  45  1.09315E+04  3.40586E+02  2.03759E-01  217.200  1.41338E-07  3.97605E-09  1.36404E-10
  46  1.12756E+04  3.47451E+02  1.93048E-01  217.200  1.36608E-07  3.23684E-09  1.38297E-10
  47  1.16266E+04  3.54558E+02  1.82701E-01  217.200  1.31930E-07  2.61715E-09  1.39922E-10
  48  1.19848E+04  3.61921E+02  1.72713E-01  217.200  1.27308E-07  2.09153E-09  1.46815E-10
  49  1.23505E+04  3.69559E+02  1.63080E-01  217.200  1.22745E-07  1.80681E-09  1.71069E-10
  50  1.27241E+04  3.77470E+02  1.53798E-01  217.200  1.18236E-07  1.55154E-09  1.95254E-10
  51  1.31056E+04  3.85698E+02  1.44861E-01  217.200  1.13794E-07  1.39811E-09  2.17863E-10
  52  1.34956E+04  3.94239E+02  1.36266E-01  217.200  1.09412E-07  1.34988E-09  2.38886E-10
  53  1.38943E+04  4.03115E+02  1.28007E-01  217.200  1.05095E-07  1.30238E-09  2.58856E-10
  54  1.43020E+04  4.12359E+02  1.20078E-01  217.200  1.00846E-07  1.25538E-09  2.81335E-10
  55  1.47192E+04  4.21982E+02  1.12475E-01  217.200  9.66650E-08  1.20887E-09  3.02869E-10
  56  1.51461E+04  4.31757E+02  1.05192E-01  217.070  9.25563E-08  1.16292E-09  3.22608E-10
  57  1.55828E+04  4.41672E+02  9.82241E-02  216.807  8.85169E-08  1.11750E-09  3.40538E-10
  58  1.60296E+04  4.52021E+02  9.15648E-02  216.538  8.45538E-08  1.07268E-09  3.59363E-10
  59  1.64870E+04  4.62821E+02  8.52085E-02  216.264  8.06666E-08  1.02845E-09  3.83110E-10
  60  1.69555E+04  4.74100E+02  7.91492E-02  215.983  7.68562E-08  9.84828E-10  4.07073E-10
  61  1.74355E+04  4.85904E+02  7.33810E-02  215.695  7.31267E-08  9.41871E-10  4.39073E-10
  62  1.79276E+04  4.98258E+02  6.78974E-02  215.400  6.94774E-08  8.99577E-10  4.70159E-10
  63  1.84323E+04  5.11213E+02  6.26921E-02  215.097  6.59115E-08  8.57985E-10  5.04413E-10
  64  1.89503E+04  5.24781E+02  5.77588E-02  214.787  6.24268E-08  8.17077E-10  5.34962E-10
  65  1.94822E+04  5.39066E+02  5.30907E-02  214.468  5.90312E-08  7.76957E-10  5.58200E-10
  66  2.00288E+04  5.54076E+02  4.86812E-02  214.140  5.57207E-08  7.37581E-10  5.71311E-10
  67  2.05908E+04  5.69912E+02  4.45233E-02  213.803  5.25008E-08  6.99019E-10  5.63873E-10
  68  2.11691E+04  5.86596E+02  4.06103E-02  213.456  4.93686E-08  6.61246E-10  5.50509E-10
  69  2.17645E+04  6.04227E+02  3.69352E-02  213.099  4.63279E-08  6.24317E-10  5.32040E-10
  70  2.23780E+04  6.22912E+02  3.34907E-02  212.731  4.33816E-08  5.88277E-10  5.18032E-10
  71  2.30109E+04  6.42713E+02  3.02696E-02  212.351  4.05279E-08  5.53113E-10  5.02322E-10
  72  2.36641E+04  6.63738E+02  2.72647E-02  211.959  3.77685E-08  5.18829E-10  4.75850E-10
  73  2.43390E+04  6.86111E+02  2.44685E-02  211.555  3.51046E-08  4.83538E-10  4.48810E-10
  74  2.50375E+04  7.10822E+02  2.18736E-02  211.372  3.25390E-08  4.48198E-10  4.21999E-10
  75  2.57629E+04  7.40105E+02  1.94725E-02  212.001  3.00704E-08  4.14195E-10  3.94875E-10
  76  2.65189E+04  7.71889E+02  1.72575E-02  212.727  2.76996E-08  3.81539E-10  3.68354E-10
  77  2.73080E+04  8.06262E+02  1.52211E-02  213.481  2.54286E-08  3.50258E-10  3.42979E-10
  78  2.81329E+04  8.43545E+02  1.33555E-02  214.275  2.32571E-08  3.20348E-10  3.22947E-10
  79  2.89968E+04  8.84123E+02  1.16530E-02  215.104  2.11865E-08  2.91826E-10  3.04282E-10
  80  2.99030E+04  9.28385E+02  1.01058E-02  215.976  1.92154E-08  2.64676E-10  2.85544E-10
  81  3.08557E+04  9.77105E+02  8.70622E-03  216.926  1.73465E-08  2.38934E-10  2.66898E-10
  82  3.18597E+04  1.03075E+03  7.44631E-03  217.929  1.55787E-08  2.14583E-10  2.48305E-10
  83  3.29207E+04  1.09138E+03  6.31828E-03  219.242  1.39117E-08  1.91623E-10  2.28351E-10
  84  3.40466E+04  1.16032E+03  5.31441E-03  220.947  1.23445E-08  1.70035E-10  2.07211E-10
  85  3.52467E+04  1.23985E+03  4.42684E-03  223.091  1.08810E-08  1.49876E-10  1.85907E-10
  86  3.65338E+04  1.33434E+03  3.64782E-03  226.244  9.51464E-09  1.31056E-10  1.63343E-10
  87  3.79223E+04  1.44268E+03  2.96971E-03  229.673  8.24950E-09  1.13630E-10  1.40453E-10
  88  3.94274E+04  1.56754E+03  2.38479E-03  233.397  7.08298E-09  9.75621E-11  1.16468E-10
  89  4.10675E+04  1.71271E+03  1.88548E-03  237.400  6.01514E-09  8.28536E-11  9.18932E-11
  90  4.28655E+04  1.88334E+03  1.46427E-03  241.776  5.04343E-09  6.94690E-11  6.85837E-11
  91  4.48504E+04  2.08646E+03  1.11385E-03  246.687  4.16533E-09  5.73739E-11  4.75239E-11
  92  4.70602E+04  2.33297E+03  8.26914E-04  252.072  3.38348E-09  4.65834E-11  3.01114E-11
  93  4.95418E+04  2.63028E+03  5.96366E-04  257.797  2.69020E-09  3.67534E-11  1.97744E-11
  94  5.23301E+04  2.94643E+03  4.15277E-04  259.207  2.08813E-09  2.82077E-11  1.22870E-11
  95  5.54572E+04  3.30772E+03  2.76896E-04  258.053  1.57085E-09  2.08116E-11  6.75242E-12
  96  5.89663E+04  3.71045E+03  1.74804E-04  252.808  1.13587E-09  1.43114E-11  3.43830E-12
  97  6.29677E+04  4.29236E+03  1.02713E-04  249.475  7.82029E-10  9.07884E-12  1.67805E-12
  98  6.76712E+04  5.11463E+03  5.47147E-05  246.914  5.01683E-10  5.05263E-12  7.96301E-13
  99  7.33229E+04  6.18882E+03  2.53192E-05  239.047  2.91034E-10  2.35733E-12  3.19058E-13
 100  8.03242E+04  7.81378E+03  9.36807E-06  224.572  1.43926E-10  8.18112E-13  1.10354E-13
