! Profile created using TESTLAY
! lat= 40.000, lon=  0.000, 1100mb alt(m)=-6.89000E+02
! input=myp44                                                                 
! Input altitudes: not supplied; calculated instead                     
! Input mixing ratios treated as relative to: dry air                   
! H2O saturation: checked & corrected if needed                         
! no altitude(m)  thickness(m) pressure(atm) temp(K) "fixed" amnt  water amnt   ozone amnt
! -- ------------ ------------ ------------ -------- ------------ ------------ ------------
regression profile 44                   
   1 -5.77816E+02  2.22368E+02  1.07120E+00  283.241  3.71123E-07  2.48347E-06  4.05399E-11
   2 -3.54216E+02  2.24832E+02  1.04269E+00  282.624  3.66110E-07  2.27373E-06  3.78858E-11
   3 -1.28039E+02  2.27521E+02  1.01458E+00  282.222  3.61038E-07  2.16999E-06  3.58247E-11
   4  1.00918E+02  2.30393E+02  9.86866E-01  281.986  3.55930E-07  2.06978E-06  3.47370E-11
   5  3.32788E+02  2.33349E+02  9.59551E-01  281.796  3.50819E-07  1.86241E-06  3.42512E-11
   6  5.67615E+02  2.36305E+02  9.32636E-01  281.560  3.45712E-07  1.49647E-06  3.42917E-11
   7  8.05353E+02  2.39169E+02  9.06124E-01  281.157  3.40601E-07  1.04003E-06  3.47524E-11
   8  1.04587E+03  2.41860E+02  8.80018E-01  280.480  3.35440E-07  6.83867E-07  3.54864E-11
   9  1.28896E+03  2.44326E+02  8.54320E-01  279.475  3.30222E-07  4.78507E-07  3.63633E-11
  10  1.53441E+03  2.46577E+02  8.29031E-01  278.163  3.24960E-07  3.70005E-07  3.72675E-11
  11  1.78202E+03  2.48649E+02  8.04152E-01  276.604  3.19665E-07  3.20344E-07  3.81467E-11
  12  2.03165E+03  2.50604E+02  7.79685E-01  274.874  3.14343E-07  3.14633E-07  3.86166E-11
  13  2.28320E+03  2.52499E+02  7.55633E-01  273.043  3.08993E-07  3.53477E-07  3.88178E-11
  14  2.53662E+03  2.54334E+02  7.31995E-01  271.106  3.03619E-07  4.46596E-07  3.85687E-11
  15  2.79181E+03  2.56048E+02  7.08772E-01  269.011  2.98214E-07  6.04584E-07  3.77047E-11
  16  3.04863E+03  2.57592E+02  6.85965E-01  266.705  2.92791E-07  8.09418E-07  3.60534E-11
  17  3.30688E+03  2.58910E+02  6.63575E-01  264.152  2.87361E-07  1.00069E-06  3.39090E-11
  18  3.56636E+03  2.60051E+02  6.41602E-01  261.410  2.81939E-07  1.14645E-06  3.14416E-11
  19  3.82699E+03  2.61201E+02  6.20048E-01  258.680  2.76516E-07  1.24735E-06  2.92164E-11
  20  4.08890E+03  2.62614E+02  5.98911E-01  256.195  2.71104E-07  1.31324E-06  2.79648E-11
  21  4.35246E+03  2.64513E+02  5.78193E-01  254.171  2.65697E-07  1.34381E-06  2.81555E-11
  22  4.61827E+03  2.67119E+02  5.57892E-01  252.789  2.60300E-07  1.33811E-06  3.00205E-11
  23  4.88703E+03  2.70389E+02  5.38010E-01  251.981  2.54910E-07  1.30834E-06  3.32154E-11
  24  5.15926E+03  2.74074E+02  5.18545E-01  251.484  2.49530E-07  1.27324E-06  3.74233E-11
  25  5.43523E+03  2.77864E+02  4.99496E-01  251.005  2.44158E-07  1.23318E-06  4.21198E-11
  26  5.71487E+03  2.81420E+02  4.80864E-01  250.236  2.38798E-07  1.18713E-06  4.69228E-11
  27  5.99780E+03  2.84437E+02  4.62647E-01  248.932  2.33462E-07  1.07944E-06  5.18524E-11
  28  6.28333E+03  2.86621E+02  4.44844E-01  246.879  2.28180E-07  7.94446E-07  5.65926E-11
  29  6.57050E+03  2.87713E+02  4.27454E-01  243.873  2.22924E-07  4.66936E-07  6.12063E-11
  30  6.85815E+03  2.87594E+02  4.10475E-01  239.832  2.17658E-07  2.69317E-07  6.83554E-11
  31  7.14536E+03  2.86821E+02  3.93906E-01  235.268  2.12389E-07  1.58787E-07  9.13559E-11
  32  7.43209E+03  2.86645E+02  3.77746E-01  231.217  2.07133E-07  1.03251E-07  1.09881E-10
  33  7.71938E+03  2.87932E+02  3.61993E-01  228.352  2.01891E-07  8.21882E-08  1.22402E-10
  34  8.00863E+03  2.90582E+02  3.46643E-01  226.535  1.96673E-07  7.71391E-08  1.31428E-10
  35  8.30103E+03  2.94213E+02  3.31696E-01  225.424  1.91481E-07  7.82569E-08  1.39232E-10
  36  8.59733E+03  2.98382E+02  3.17149E-01  224.643  1.86321E-07  7.94462E-08  1.47846E-10
  37  8.89787E+03  3.02705E+02  3.03000E-01  223.893  1.81192E-07  7.80676E-08  1.59176E-10
  38  9.20276E+03  3.07062E+02  2.89245E-01  223.075  1.76101E-07  7.50351E-08  1.74842E-10
  39  9.51201E+03  3.11449E+02  2.75882E-01  222.188  1.71045E-07  7.17435E-08  1.96180E-10
  40  9.82568E+03  3.15895E+02  2.62908E-01  221.250  1.66029E-07  6.88831E-08  2.24449E-10
  41  1.01438E+04  3.20428E+02  2.50320E-01  220.283  1.61053E-07  6.63299E-08  2.60619E-10
  42  1.04666E+04  3.25081E+02  2.38115E-01  219.303  1.56120E-07  6.37613E-08  3.05322E-10
  43  1.07941E+04  3.29873E+02  2.26289E-01  218.318  1.51232E-07  6.05451E-08  3.57424E-10
  44  1.11264E+04  3.34860E+02  2.14838E-01  217.359  1.46396E-07  5.30261E-08  4.13226E-10
  45  1.14639E+04  3.40058E+02  2.03759E-01  216.439  1.41606E-07  3.69932E-08  4.69014E-10
  46  1.18067E+04  3.45506E+02  1.93048E-01  215.564  1.36870E-07  2.11081E-08  5.20819E-10
  47  1.21551E+04  3.51266E+02  1.82701E-01  214.765  1.32185E-07  1.33860E-08  5.65955E-10
  48  1.25094E+04  3.57374E+02  1.72713E-01  214.056  1.27554E-07  9.60933E-09  6.04156E-10
  49  1.28700E+04  3.63879E+02  1.63080E-01  213.448  1.22982E-07  7.05450E-09  6.36080E-10
  50  1.32374E+04  3.70820E+02  1.53798E-01  212.960  1.18466E-07  5.21182E-09  6.62413E-10
  51  1.36119E+04  3.78278E+02  1.44861E-01  212.610  1.14014E-07  3.93712E-09  6.84001E-10
  52  1.39942E+04  3.86298E+02  1.36266E-01  212.412  1.09625E-07  3.08225E-09  7.01236E-10
  53  1.43848E+04  3.94932E+02  1.28007E-01  212.379  1.05298E-07  2.48978E-09  7.14821E-10
  54  1.47844E+04  4.04208E+02  1.20078E-01  212.494  1.01041E-07  2.04783E-09  7.25407E-10
  55  1.51935E+04  4.14100E+02  1.12475E-01  212.730  9.68518E-08  1.69033E-09  7.33012E-10
  56  1.56129E+04  4.24600E+02  1.05192E-01  213.055  9.27353E-08  1.38727E-09  7.38067E-10
  57  1.60430E+04  4.35660E+02  9.82241E-02  213.440  8.86878E-08  1.13555E-09  7.40390E-10
  58  1.64845E+04  4.47275E+02  9.15648E-02  213.849  8.47170E-08  9.34472E-10  7.40550E-10
  59  1.69378E+04  4.59437E+02  8.52085E-02  214.265  8.08225E-08  7.79241E-10  7.38450E-10
  60  1.74036E+04  4.72113E+02  7.91492E-02  214.660  7.70045E-08  6.62344E-10  7.34895E-10
  61  1.78823E+04  4.85275E+02  7.33810E-02  214.999  7.32673E-08  5.73936E-10  7.31122E-10
  62  1.83744E+04  4.98910E+02  6.78974E-02  215.265  6.96111E-08  5.05910E-10  7.28499E-10
  63  1.88804E+04  5.12979E+02  6.26921E-02  215.423  6.60385E-08  4.52829E-10  7.27842E-10
  64  1.94006E+04  5.27424E+02  5.77588E-02  215.453  6.25468E-08  4.10538E-10  7.29951E-10
  65  1.99354E+04  5.42305E+02  5.30907E-02  215.341  5.91447E-08  3.76161E-10  7.35340E-10
  66  2.04854E+04  5.57598E+02  4.86812E-02  215.085  5.58285E-08  3.47702E-10  7.44333E-10
  67  2.10510E+04  5.73584E+02  4.45233E-02  214.765  5.26024E-08  3.23712E-10  7.57051E-10
  68  2.16330E+04  5.90504E+02  4.06103E-02  214.463  4.94640E-08  3.03678E-10  7.73407E-10
  69  2.22326E+04  6.08684E+02  3.69352E-02  214.255  4.64176E-08  2.87031E-10  7.93196E-10
  70  2.28512E+04  6.28529E+02  3.34907E-02  214.232  4.34654E-08  2.73437E-10  8.15246E-10
  71  2.34907E+04  6.50398E+02  3.02696E-02  214.469  4.06063E-08  2.62528E-10  8.34009E-10
  72  2.41532E+04  6.74748E+02  2.72647E-02  215.048  3.78417E-08  2.54164E-10  8.42422E-10
  73  2.48417E+04  7.02143E+02  2.44685E-02  216.062  3.51730E-08  2.48092E-10  8.36949E-10
  74  2.55593E+04  7.33184E+02  2.18736E-02  217.584  3.26025E-08  2.43444E-10  8.21261E-10
  75  2.63101E+04  7.68350E+02  1.94725E-02  219.648  3.01292E-08  2.38733E-10  8.00100E-10
  76  2.70981E+04  8.07572E+02  1.72575E-02  222.105  2.77542E-08  2.32477E-10  7.73563E-10
  77  2.79271E+04  8.50516E+02  1.52211E-02  224.735  2.54790E-08  2.23328E-10  7.39275E-10
  78  2.88007E+04  8.96711E+02  1.33555E-02  227.309  2.33035E-08  2.10268E-10  6.95889E-10
  79  2.97220E+04  9.45883E+02  1.16530E-02  229.652  2.12292E-08  1.92909E-10  6.43833E-10
  80  3.06943E+04  9.98562E+02  1.01058E-02  231.817  1.92545E-08  1.71960E-10  5.84634E-10
  81  3.17215E+04  1.05591E+03  8.70622E-03  233.927  1.73822E-08  1.49783E-10  5.21399E-10
  82  3.28091E+04  1.11930E+03  7.44631E-03  236.141  1.56112E-08  1.28363E-10  4.57742E-10
  83  3.39639E+04  1.19033E+03  6.31828E-03  238.604  1.39412E-08  1.09056E-10  3.96303E-10
  84  3.51945E+04  1.27079E+03  5.31441E-03  241.446  1.23710E-08  9.25446E-11  3.38918E-10
  85  3.65112E+04  1.36266E+03  4.42684E-03  244.654  1.09047E-08  7.90300E-11  2.86386E-10
  86  3.79254E+04  1.46571E+03  3.64782E-03  247.974  9.53583E-09  6.82703E-11  2.38906E-10
  87  3.94484E+04  1.58041E+03  2.96971E-03  251.052  8.26818E-09  5.96663E-11  1.96172E-10
  88  4.10925E+04  1.70762E+03  2.38479E-03  253.700  7.09935E-09  5.24690E-11  1.57124E-10
  89  4.28717E+04  1.85085E+03  1.88548E-03  255.992  6.02930E-09  4.61713E-11  1.21159E-10
  90  4.48045E+04  2.01467E+03  1.46427E-03  258.082  5.05551E-09  4.03884E-11  8.86380E-11
  91  4.69139E+04  2.20429E+03  1.11385E-03  260.069  4.17549E-09  3.48891E-11  6.16200E-11
  92  4.92291E+04  2.42610E+03  8.26914E-04  261.614  3.39184E-09  2.95922E-11  4.17140E-11
  93  5.17806E+04  2.67681E+03  5.96366E-04  261.863  2.69691E-09  2.44147E-11  2.78041E-11
  94  5.45970E+04  2.95609E+03  4.15277E-04  259.541  2.09335E-09  1.94555E-11  1.76800E-11
  95  5.77016E+04  3.25303E+03  2.76896E-04  253.297  1.57478E-09  1.48000E-11  1.01927E-11
  96  6.11272E+04  3.59820E+03  1.74804E-04  244.668  1.13868E-09  1.06167E-11  5.18594E-12
  97  6.49740E+04  4.09543E+03  1.02713E-04  237.654  7.83931E-10  7.08291E-12  2.31254E-12
  98  6.94246E+04  4.80571E+03  5.47147E-05  231.647  5.02865E-10  4.28219E-12  9.16155E-13
  99  7.47407E+04  5.82655E+03  2.53192E-05  224.369  2.91464E-10  2.26318E-12  3.66175E-13
 100  8.13320E+04  7.35602E+03  9.36807E-06  211.214  1.43840E-10  9.27112E-13  1.70877E-13
