! Profile created using TESTLAY
! lat= 45.000, lon=  0.000, 1100mb alt(m)=-6.89000E+02
! input=myp12                                                                 
! Input altitudes: not supplied; calculated instead                     
! Input mixing ratios treated as relative to: dry air                   
! H2O saturation: checked & corrected if needed                         
! no altitude(m)  thickness(m) pressure(atm) temp(K) "fixed" amnt  water amnt   ozone amnt
! -- ------------ ------------ ------------ -------- ------------ ------------ ------------
regression profile 12                   
   1 -5.66571E+02  2.44858E+02  1.07120E+00  310.706  3.68345E-07  1.40405E-05  2.38330E-11
   2 -3.20833E+02  2.46618E+02  1.04269E+00  308.881  3.63466E-07  1.32596E-05  2.36865E-11
   3 -7.33347E+01  2.48379E+02  1.01458E+00  307.032  3.58550E-07  1.24862E-05  2.35350E-11
   4  1.75925E+02  2.50141E+02  9.86866E-01  305.158  3.53597E-07  1.17208E-05  2.33785E-11
   5  4.26948E+02  2.51905E+02  9.59551E-01  303.259  3.48614E-07  1.09639E-05  2.32173E-11
   6  6.79733E+02  2.53666E+02  9.32636E-01  301.335  3.43598E-07  1.02154E-05  2.30491E-11
   7  9.34282E+02  2.55431E+02  9.06124E-01  299.384  3.38554E-07  9.48010E-06  2.28717E-11
   8  1.19060E+03  2.57195E+02  8.80018E-01  297.405  3.33475E-07  8.77712E-06  2.26943E-11
   9  1.44867E+03  2.58956E+02  8.54320E-01  295.397  3.28370E-07  8.08653E-06  2.25128E-11
  10  1.70848E+03  2.60670E+02  8.29031E-01  293.310  3.23241E-07  7.40848E-06  2.27004E-11
  11  1.96997E+03  2.62308E+02  8.04152E-01  291.112  3.18088E-07  6.74458E-06  2.34331E-11
  12  2.23309E+03  2.63936E+02  7.79685E-01  288.884  3.12915E-07  6.09115E-06  2.41484E-11
  13  2.49784E+03  2.65553E+02  7.55633E-01  286.624  3.07722E-07  5.44844E-06  2.48426E-11
  14  2.76420E+03  2.67166E+02  7.31995E-01  284.333  3.02515E-07  4.81689E-06  2.55148E-11
  15  3.03216E+03  2.68762E+02  7.08772E-01  282.010  2.97289E-07  4.19672E-06  2.61617E-11
  16  3.30185E+03  2.70605E+02  6.85965E-01  279.909  2.92037E-07  3.65894E-06  2.70878E-11
  17  3.57373E+03  2.73165E+02  6.63575E-01  278.488  2.86729E-07  3.32342E-06  2.88085E-11
  18  3.84821E+03  2.75797E+02  6.41602E-01  277.087  2.81415E-07  3.00531E-06  3.05243E-11
  19  4.12534E+03  2.78452E+02  6.20048E-01  275.664  2.76089E-07  2.69322E-06  3.21848E-11
  20  4.40513E+03  2.81143E+02  5.98911E-01  274.220  2.70764E-07  2.38733E-06  3.37938E-11
  21  4.68764E+03  2.83862E+02  5.78193E-01  272.754  2.65435E-07  2.08778E-06  3.53485E-11
  22  4.97287E+03  2.86612E+02  5.57892E-01  271.267  2.60106E-07  1.79477E-06  3.68463E-11
  23  5.26088E+03  2.89394E+02  5.38010E-01  269.757  2.54778E-07  1.50843E-06  3.82876E-11
  24  5.55168E+03  2.92210E+02  5.18545E-01  268.225  2.49457E-07  1.22897E-06  3.96701E-11
  25  5.84531E+03  2.95049E+02  4.99496E-01  266.660  2.44139E-07  9.59556E-07  4.10290E-11
  26  6.14163E+03  2.97603E+02  4.80864E-01  264.772  2.38804E-07  8.14862E-07  4.37526E-11
  27  6.44044E+03  3.00004E+02  4.62647E-01  262.695  2.33465E-07  7.34869E-07  4.71144E-11
  28  6.74165E+03  3.02416E+02  4.44844E-01  260.585  2.28140E-07  6.56555E-07  5.03514E-11
  29  7.04527E+03  3.04833E+02  4.27454E-01  258.442  2.22829E-07  5.80211E-07  5.34579E-11
  30  7.35132E+03  3.07260E+02  4.10475E-01  256.262  2.17538E-07  5.06254E-07  5.64341E-11
  31  7.65980E+03  3.09700E+02  3.93906E-01  254.057  2.12262E-07  4.35003E-07  5.91942E-11
  32  7.97076E+03  3.12215E+02  3.77746E-01  251.866  2.07013E-07  3.68565E-07  6.14335E-11
  33  8.28424E+03  3.14744E+02  3.61993E-01  249.646  2.01784E-07  3.04450E-07  6.34993E-11
  34  8.60025E+03  3.17278E+02  3.46643E-01  247.388  1.96582E-07  2.42299E-07  6.54469E-11
  35  8.91879E+03  3.19812E+02  3.31696E-01  245.089  1.91406E-07  1.82083E-07  6.72808E-11
  36  9.23987E+03  3.22354E+02  3.17149E-01  242.750  1.86264E-07  1.23884E-07  6.89964E-11
  37  9.56350E+03  3.24890E+02  3.03000E-01  240.370  1.81149E-07  6.77324E-08  7.05879E-11
  38  9.88970E+03  3.27524E+02  2.89245E-01  238.012  1.76066E-07  3.68902E-08  7.17524E-11
  39  1.02186E+04  3.30262E+02  2.75882E-01  235.677  1.71015E-07  3.01322E-08  7.25049E-11
  40  1.05502E+04  3.33001E+02  2.62908E-01  233.300  1.66001E-07  2.36149E-08  7.31579E-11
  41  1.08846E+04  3.35746E+02  2.50320E-01  230.883  1.61026E-07  1.74160E-08  7.40069E-11
  42  1.12218E+04  3.38725E+02  2.38115E-01  228.572  1.56097E-07  1.36728E-08  8.34447E-11
  43  1.15621E+04  3.41819E+02  2.26289E-01  226.289  1.51211E-07  1.11043E-08  9.64272E-11
  44  1.19055E+04  3.44937E+02  2.14838E-01  223.962  1.46375E-07  8.63692E-09  1.08731E-10
  45  1.22520E+04  3.48056E+02  2.03759E-01  221.590  1.41583E-07  6.27109E-09  1.20347E-10
  46  1.26017E+04  3.51434E+02  1.93048E-01  219.317  1.36845E-07  4.62233E-09  1.34811E-10
  47  1.29550E+04  3.55176E+02  1.82701E-01  217.209  1.32160E-07  3.89707E-09  1.53302E-10
  48  1.33121E+04  3.58961E+02  1.72713E-01  215.060  1.27529E-07  3.20877E-09  1.70722E-10
  49  1.36730E+04  3.62797E+02  1.63080E-01  212.866  1.22958E-07  2.55073E-09  1.87035E-10
  50  1.40377E+04  3.66661E+02  1.53798E-01  210.625  1.18442E-07  1.92289E-09  2.02229E-10
  51  1.44067E+04  3.71418E+02  1.44861E-01  208.802  1.13991E-07  1.41297E-09  2.16580E-10
  52  1.47813E+04  3.77694E+02  1.36266E-01  207.731  1.09601E-07  1.07445E-09  2.30229E-10
  53  1.51622E+04  3.84186E+02  1.28007E-01  206.651  1.05275E-07  9.20839E-10  2.42739E-10
  54  1.55498E+04  3.90896E+02  1.20078E-01  205.547  1.01020E-07  8.72518E-10  2.54120E-10
  55  1.59441E+04  3.97815E+02  1.12475E-01  204.418  9.68304E-08  7.79268E-10  2.64364E-10
  56  1.63455E+04  4.04974E+02  1.05192E-01  203.263  9.27140E-08  5.28610E-10  2.73492E-10
  57  1.67546E+04  4.13219E+02  9.82241E-02  202.493  8.86675E-08  3.18377E-10  2.88177E-10
  58  1.71741E+04  4.25809E+02  9.15648E-02  203.627  8.46974E-08  3.01457E-10  3.31161E-10
  59  1.76068E+04  4.39557E+02  8.52085E-02  205.039  8.08022E-08  3.06823E-10  3.74258E-10
  60  1.80536E+04  4.54033E+02  7.91492E-02  206.486  7.69845E-08  3.03238E-10  4.13538E-10
  61  1.85153E+04  4.69309E+02  7.33810E-02  207.971  7.32485E-08  2.96385E-10  4.49063E-10
  62  1.89926E+04  4.85342E+02  6.78974E-02  209.459  6.95925E-08  2.84739E-10  4.89720E-10
  63  1.94863E+04  5.02062E+02  6.26921E-02  210.887  6.60207E-08  2.61388E-10  5.49173E-10
  64  1.99972E+04  5.19715E+02  5.77588E-02  212.349  6.25306E-08  2.38867E-10  6.03727E-10
  65  2.05263E+04  5.38436E+02  5.30907E-02  213.851  5.91288E-08  2.18318E-10  6.52108E-10
  66  2.10744E+04  5.57887E+02  4.86812E-02  215.246  5.58132E-08  2.00340E-10  6.88717E-10
  67  2.16420E+04  5.77184E+02  4.45233E-02  216.163  5.25880E-08  1.88332E-10  7.01313E-10
  68  2.22293E+04  5.97523E+02  4.06103E-02  217.063  4.94505E-08  1.77096E-10  7.08720E-10
  69  2.28377E+04  6.19154E+02  3.69352E-02  217.992  4.64049E-08  1.66189E-10  7.12728E-10
  70  2.34684E+04  6.42219E+02  3.34907E-02  218.950  4.34537E-08  1.55620E-10  7.13455E-10
  71  2.41229E+04  6.66814E+02  3.02696E-02  219.934  4.05959E-08  1.45641E-10  7.09668E-10
  72  2.48027E+04  6.92830E+02  2.72647E-02  220.866  3.78322E-08  1.40174E-10  6.81462E-10
  73  2.55094E+04  7.20590E+02  2.44685E-02  221.798  3.51641E-08  1.35079E-10  6.45234E-10
  74  2.62449E+04  7.50436E+02  2.18736E-02  222.767  3.25945E-08  1.25709E-10  6.09407E-10
  75  2.70113E+04  7.82301E+02  1.94725E-02  223.706  3.01219E-08  1.15537E-10  5.68528E-10
  76  2.78103E+04  8.15695E+02  1.72575E-02  224.413  2.77475E-08  1.03463E-10  5.08441E-10
  77  2.86440E+04  8.51697E+02  1.52211E-02  225.119  2.54731E-08  9.21340E-11  4.50201E-10
  78  2.95152E+04  8.90687E+02  1.33555E-02  225.855  2.32980E-08  8.50548E-11  3.95977E-10
  79  3.04271E+04  9.33105E+02  1.16530E-02  226.621  2.12241E-08  7.94490E-11  3.45732E-10
  80  3.13834E+04  9.79631E+02  1.01058E-02  227.489  1.92498E-08  7.38122E-11  2.98793E-10
  81  3.23906E+04  1.03463E+03  8.70622E-03  229.269  1.73779E-08  6.70223E-11  2.49101E-10
  82  3.34562E+04  1.09661E+03  7.44631E-03  231.414  1.56072E-08  6.02005E-11  2.02364E-10
  83  3.45867E+04  1.16441E+03  6.31828E-03  233.481  1.39374E-08  5.57649E-11  1.60672E-10
  84  3.57884E+04  1.23905E+03  5.31441E-03  235.493  1.23676E-08  5.29705E-11  1.23902E-10
  85  3.70729E+04  1.32983E+03  4.42684E-03  238.812  1.09016E-08  4.80513E-11  9.93772E-11
  86  3.84565E+04  1.43744E+03  3.64782E-03  243.240  9.53301E-09  4.05869E-11  8.28330E-11
  87  3.99542E+04  1.55800E+03  2.96971E-03  247.559  8.26570E-09  3.23390E-11  6.83520E-11
  88  4.15727E+04  1.67898E+03  2.38479E-03  249.539  7.09715E-09  2.73720E-11  5.70891E-11
  89  4.33212E+04  1.81804E+03  1.88548E-03  251.520  6.02736E-09  2.29251E-11  4.72465E-11
  90  4.52247E+04  1.98886E+03  1.46427E-03  254.827  5.05384E-09  1.83677E-11  3.84527E-11
  91  4.73143E+04  2.19045E+03  1.11385E-03  258.479  4.17407E-09  1.57446E-11  3.09351E-11
  92  4.96185E+04  2.41784E+03  8.26914E-04  260.808  3.39069E-09  1.33101E-11  2.24389E-11
  93  5.21665E+04  2.67823E+03  5.96366E-04  262.030  2.69599E-09  1.09324E-11  1.42191E-11
  94  5.49897E+04  2.96814E+03  4.15277E-04  260.698  2.09265E-09  8.54141E-12  8.49780E-12
  95  5.81160E+04  3.28443E+03  2.76896E-04  255.733  1.57425E-09  6.23527E-12  4.81022E-12
  96  6.15964E+04  3.67641E+03  1.74804E-04  249.990  1.13832E-09  4.39603E-12  2.37196E-12
  97  6.55241E+04  4.17902E+03  1.02713E-04  242.714  7.83703E-10  3.03885E-12  1.12417E-12
  98  7.00059E+04  4.78453E+03  5.47147E-05  231.030  5.02624E-10  2.04909E-12  3.91845E-13
  99  7.52535E+04  5.71063E+03  2.53192E-05  220.086  2.90899E-10  1.20516E-12  1.83265E-13
 100  8.17500E+04  7.28249E+03  9.36807E-06  208.427  1.43886E-10  5.97266E-13  1.02832E-13
