! Profile created using TESTLAY
! lat= 38.000, lon=  0.000, 1100mb alt(m)=-6.89000E+02
! input=myp46                                                                 
! Input altitudes: not supplied; calculated instead                     
! Input mixing ratios treated as relative to: dry air                   
! H2O saturation: checked & corrected if needed                         
! no altitude(m)  thickness(m) pressure(atm) temp(K) "fixed" amnt  water amnt   ozone amnt
! -- ------------ ------------ ------------ -------- ------------ ------------ ------------
regression profile 46                   
   1 -5.79715E+02  2.18571E+02  1.07120E+00  278.443  3.71376E-07  1.65701E-06  3.89888E-11
   2 -3.60740E+02  2.19379E+02  1.04269E+00  275.793  3.66324E-07  1.61452E-06  3.88795E-11
   3 -1.40973E+02  2.20154E+02  1.01458E+00  273.104  3.61238E-07  1.56366E-06  3.85425E-11
   4  7.95534E+01  2.20900E+02  9.86866E-01  270.383  3.56116E-07  1.52106E-06  3.83771E-11
   5  3.00809E+02  2.21612E+02  9.59551E-01  267.623  3.50966E-07  1.47495E-06  3.81221E-11
   6  5.22758E+02  2.22285E+02  9.32636E-01  264.823  3.45784E-07  1.42905E-06  3.78343E-11
   7  7.45412E+02  2.23024E+02  9.06124E-01  262.103  3.40580E-07  1.37982E-06  3.75565E-11
   8  9.69202E+02  2.24555E+02  8.80018E-01  260.306  3.35353E-07  1.30467E-06  3.74884E-11
   9  1.19519E+03  2.27426E+02  8.54320E-01  260.025  3.30112E-07  1.18896E-06  3.77691E-11
  10  1.42420E+03  2.30591E+02  8.29031E-01  260.011  3.24851E-07  1.06663E-06  3.81244E-11
  11  1.65641E+03  2.33832E+02  8.04152E-01  260.010  3.19569E-07  9.46442E-07  3.85479E-11
  12  1.89190E+03  2.37141E+02  7.79685E-01  260.010  3.14272E-07  8.22343E-07  3.87716E-11
  13  2.13073E+03  2.40518E+02  7.55633E-01  260.009  3.08955E-07  7.01099E-07  3.90664E-11
  14  2.37296E+03  2.43951E+02  7.31995E-01  259.984  3.03628E-07  5.82304E-07  3.94902E-11
  15  2.61855E+03  2.47228E+02  7.08772E-01  259.722  2.98280E-07  4.79660E-07  4.15276E-11
  16  2.86703E+03  2.49725E+02  6.85965E-01  258.571  2.92913E-07  4.32966E-07  4.93715E-11
  17  3.11786E+03  2.51931E+02  6.63575E-01  257.071  2.87529E-07  4.09381E-07  5.94502E-11
  18  3.37089E+03  2.54125E+02  6.41602E-01  255.514  2.82143E-07  3.87101E-07  6.93751E-11
  19  3.62612E+03  2.56337E+02  6.20048E-01  253.942  2.76748E-07  3.64037E-07  7.88549E-11
  20  3.88357E+03  2.58567E+02  5.98911E-01  252.342  2.71354E-07  3.42247E-07  8.82657E-11
  21  4.14325E+03  2.60807E+02  5.78193E-01  250.713  2.65959E-07  3.20988E-07  9.74356E-11
  22  4.40519E+03  2.63064E+02  5.57892E-01  249.062  2.60563E-07  2.99913E-07  1.06315E-10
  23  4.66939E+03  2.65334E+02  5.38010E-01  247.383  2.55170E-07  2.78564E-07  1.14685E-10
  24  4.93587E+03  2.67629E+02  5.18545E-01  245.684  2.49788E-07  2.58303E-07  1.23016E-10
  25  5.20466E+03  2.69942E+02  4.99496E-01  243.961  2.44409E-07  2.38477E-07  1.31030E-10
  26  5.47576E+03  2.72261E+02  4.80864E-01  242.204  2.39041E-07  2.18497E-07  1.38523E-10
  27  5.74919E+03  2.74600E+02  4.62647E-01  240.423  2.33685E-07  1.99373E-07  1.45927E-10
  28  6.02496E+03  2.76952E+02  4.44844E-01  238.613  2.28342E-07  1.80379E-07  1.52788E-10
  29  6.30310E+03  2.79318E+02  4.27454E-01  236.773  2.23014E-07  1.62187E-07  1.59643E-10
  30  6.58361E+03  2.81698E+02  4.10475E-01  234.902  2.17707E-07  1.44183E-07  1.65888E-10
  31  6.86650E+03  2.84080E+02  3.93906E-01  232.995  2.12415E-07  1.26959E-07  1.72196E-10
  32  7.15178E+03  2.86488E+02  3.77746E-01  231.063  2.07151E-07  1.10106E-07  1.78102E-10
  33  7.43953E+03  2.89019E+02  3.61993E-01  229.188  2.01907E-07  9.38819E-08  1.85102E-10
  34  7.73027E+03  2.92447E+02  3.46643E-01  227.965  1.96690E-07  8.23656E-08  2.08122E-10
  35  8.02497E+03  2.96954E+02  3.31696E-01  227.501  1.91499E-07  7.54408E-08  2.48064E-10
  36  8.32431E+03  3.01743E+02  3.17149E-01  227.151  1.86341E-07  6.89618E-08  2.88614E-10
  37  8.62852E+03  3.06665E+02  3.03000E-01  226.800  1.81214E-07  6.28821E-08  3.29112E-10
  38  8.93771E+03  3.11723E+02  2.89245E-01  226.440  1.76122E-07  5.68215E-08  3.68012E-10
  39  9.25203E+03  3.16920E+02  2.75882E-01  226.070  1.71067E-07  5.08545E-08  4.05653E-10
  40  9.57162E+03  3.22265E+02  2.62908E-01  225.692  1.66051E-07  4.50143E-08  4.42125E-10
  41  9.89664E+03  3.27770E+02  2.50320E-01  225.310  1.61075E-07  3.93147E-08  4.77436E-10
  42  1.02272E+04  3.33438E+02  2.38115E-01  224.921  1.56143E-07  3.37527E-08  5.11495E-10
  43  1.05636E+04  3.39277E+02  2.26289E-01  224.522  1.51256E-07  2.83021E-08  5.43924E-10
  44  1.09059E+04  3.45308E+02  2.14838E-01  224.121  1.46418E-07  2.28403E-08  5.70853E-10
  45  1.12543E+04  3.51521E+02  2.03759E-01  223.711  1.41627E-07  1.75459E-08  5.94398E-10
  46  1.16090E+04  3.57935E+02  1.93048E-01  223.291  1.36889E-07  1.25230E-08  6.17400E-10
  47  1.19703E+04  3.64597E+02  1.82701E-01  222.887  1.32203E-07  7.92725E-09  6.38897E-10
  48  1.23385E+04  3.71799E+02  1.72713E-01  222.667  1.27571E-07  5.10199E-09  6.68180E-10
  49  1.27142E+04  3.79687E+02  1.63080E-01  222.691  1.22998E-07  4.35928E-09  7.09867E-10
  50  1.30981E+04  3.87940E+02  1.53798E-01  222.760  1.18482E-07  3.93937E-09  7.49405E-10
  51  1.34903E+04  3.96521E+02  1.44861E-01  222.830  1.14031E-07  3.53419E-09  7.85185E-10
  52  1.38913E+04  4.05431E+02  1.36266E-01  222.900  1.09640E-07  3.15715E-09  8.20641E-10
  53  1.43013E+04  4.14691E+02  1.28007E-01  222.971  1.05314E-07  2.78340E-09  8.49431E-10
  54  1.47208E+04  4.24354E+02  1.20078E-01  223.048  1.01058E-07  2.43112E-09  8.76605E-10
  55  1.51502E+04  4.34398E+02  1.12475E-01  223.121  9.68680E-08  2.09387E-09  9.00024E-10
  56  1.55899E+04  4.44888E+02  1.05192E-01  223.200  9.27508E-08  1.77434E-09  9.20839E-10
  57  1.60402E+04  4.55821E+02  9.82241E-02  223.280  8.87035E-08  1.47219E-09  9.39260E-10
  58  1.65018E+04  4.67243E+02  9.15648E-02  223.357  8.47323E-08  1.19815E-09  9.53946E-10
  59  1.69750E+04  4.79148E+02  8.52085E-02  223.417  8.08378E-08  1.02805E-09  9.65654E-10
  60  1.74603E+04  4.91561E+02  7.91492E-02  223.461  7.70193E-08  9.50405E-10  9.72479E-10
  61  1.79584E+04  5.04580E+02  7.33810E-02  223.508  7.32820E-08  8.90364E-10  9.79104E-10
  62  1.84698E+04  5.18221E+02  6.78974E-02  223.551  6.96255E-08  8.29210E-10  9.79313E-10
  63  1.89952E+04  5.32562E+02  6.26921E-02  223.600  6.60525E-08  7.73329E-10  9.80396E-10
  64  1.95353E+04  5.47615E+02  5.77588E-02  223.648  6.25612E-08  7.16977E-10  9.75360E-10
  65  2.00908E+04  5.63469E+02  5.30907E-02  223.691  5.91585E-08  6.63987E-10  9.69102E-10
  66  2.06626E+04  5.80186E+02  4.86812E-02  223.743  5.58413E-08  6.12702E-10  9.58552E-10
  67  2.12517E+04  5.97994E+02  4.45233E-02  223.847  5.26149E-08  5.67900E-10  9.39267E-10
  68  2.18594E+04  6.17301E+02  4.06103E-02  224.135  4.94763E-08  5.43114E-10  9.01036E-10
  69  2.24870E+04  6.37959E+02  3.69352E-02  224.498  4.64294E-08  5.24403E-10  8.55546E-10
  70  2.31359E+04  6.59945E+02  3.34907E-02  224.878  4.34768E-08  5.05508E-10  8.09711E-10
  71  2.38076E+04  6.83344E+02  3.02696E-02  225.269  4.06177E-08  4.86871E-10  7.65811E-10
  72  2.45034E+04  7.08297E+02  2.72647E-02  225.678  3.78528E-08  4.67709E-10  7.22464E-10
  73  2.52250E+04  7.34979E+02  2.44685E-02  226.106  3.51836E-08  4.47649E-10  6.80068E-10
  74  2.59745E+04  7.63885E+02  2.18736E-02  226.635  3.26127E-08  4.24104E-10  6.42910E-10
  75  2.67543E+04  7.95768E+02  1.94725E-02  227.428  3.01387E-08  3.93981E-10  6.19228E-10
  76  2.75674E+04  8.30328E+02  1.72575E-02  228.307  2.77631E-08  3.62601E-10  5.96785E-10
  77  2.84164E+04  8.67766E+02  1.52211E-02  229.234  2.54875E-08  3.32371E-10  5.73046E-10
  78  2.93045E+04  9.08338E+02  1.33555E-02  230.194  2.33115E-08  3.03782E-10  5.48642E-10
  79  3.02349E+04  9.52525E+02  1.16530E-02  231.200  2.12364E-08  2.76865E-10  5.22614E-10
  80  3.12116E+04  1.00092E+03  1.01058E-02  232.296  1.92611E-08  2.52385E-10  4.91458E-10
  81  3.22392E+04  1.05417E+03  8.70622E-03  233.472  1.73882E-08  2.30686E-10  4.58870E-10
  82  3.33227E+04  1.11283E+03  7.44631E-03  234.711  1.56164E-08  2.09050E-10  4.24221E-10
  83  3.44681E+04  1.17806E+03  6.31828E-03  236.080  1.39458E-08  1.88040E-10  3.88155E-10
  84  3.56841E+04  1.25390E+03  5.31441E-03  238.159  1.23752E-08  1.68884E-10  3.45253E-10
  85  3.69843E+04  1.34660E+03  4.42684E-03  241.682  1.09083E-08  1.52062E-10  2.90433E-10
  86  3.83841E+04  1.45290E+03  3.64782E-03  245.711  9.53890E-09  1.36293E-10  2.38417E-10
  87  3.98974E+04  1.57382E+03  2.96971E-03  249.902  8.27085E-09  1.20950E-10  1.92330E-10
  88  4.15387E+04  1.70873E+03  2.38479E-03  253.761  7.10157E-09  1.04836E-10  1.52205E-10
  89  4.33242E+04  1.86227E+03  1.88548E-03  257.456  6.03124E-09  8.90581E-11  1.17782E-10
  90  4.52747E+04  2.03862E+03  1.46427E-03  261.045  5.05715E-09  7.41054E-11  8.76277E-11
  91  4.74100E+04  2.23201E+03  1.11385E-03  263.255  4.17687E-09  5.89594E-11  5.89942E-11
  92  4.97536E+04  2.45517E+03  8.26914E-04  264.656  3.39300E-09  4.60147E-11  3.58932E-11
  93  5.23387E+04  2.71506E+03  5.96366E-04  265.474  2.69785E-09  3.70513E-11  2.27232E-11
  94  5.52101E+04  3.02780E+03  4.15277E-04  265.599  2.09413E-09  3.07877E-11  1.70164E-11
  95  5.84309E+04  3.41372E+03  2.76896E-04  265.433  1.57541E-09  2.38304E-11  1.11941E-11
  96  6.20736E+04  3.87168E+03  1.74804E-04  263.046  1.13921E-09  1.65244E-11  5.63168E-12
  97  6.61955E+04  4.37225E+03  1.02713E-04  253.650  7.84365E-10  1.03291E-11  2.57779E-12
  98  7.09428E+04  5.12220E+03  5.47147E-05  246.927  5.03189E-10  5.95778E-12  1.04258E-12
  99  7.65211E+04  6.03442E+03  2.53192E-05  232.650  2.91677E-10  2.88014E-12  4.15483E-13
 100  8.32821E+04  7.48755E+03  9.36807E-06  215.083  1.43953E-10  1.00282E-12  1.93710E-13
