! Profile created using TESTLAY
! lat= 71.140, lon=  0.000, 1100mb alt(m)=-6.89000E+02
! input=myp29                                                                 
! Input altitudes: not supplied; calculated instead                     
! Input mixing ratios treated as relative to: dry air                   
! H2O saturation: checked & corrected if needed                         
! no altitude(m)  thickness(m) pressure(atm) temp(K) "fixed" amnt  water amnt   ozone amnt
! -- ------------ ------------ ------------ -------- ------------ ------------ ------------
regression profile 29                   
   1 -5.90052E+02  1.97897E+02  1.07120E+00  252.880  3.70572E-07  7.23150E-07  7.46118E-11
   2 -3.91212E+02  1.99782E+02  1.04269E+00  251.931  3.65533E-07  6.76935E-07  6.80564E-11
   3 -1.90477E+02  2.01687E+02  1.01458E+00  250.969  3.60458E-07  6.31187E-07  6.15753E-11
   4  1.21724E+01  2.03612E+02  9.86866E-01  249.995  3.55348E-07  5.85927E-07  5.51720E-11
   5  2.16757E+02  2.05557E+02  9.59551E-01  249.007  3.50210E-07  5.41190E-07  4.88510E-11
   6  4.23458E+02  2.07845E+02  9.32636E-01  248.387  3.45034E-07  5.23868E-07  4.34983E-11
   7  6.32726E+02  2.10692E+02  9.06124E-01  248.373  3.39826E-07  5.49317E-07  3.96220E-11
   8  8.45209E+02  2.14274E+02  8.80018E-01  249.138  3.34579E-07  6.20277E-07  3.70763E-11
   9  1.06195E+03  2.19207E+02  8.54320E-01  251.361  3.29291E-07  7.73919E-07  3.68883E-11
  10  1.28338E+03  2.23661E+02  8.29031E-01  252.913  3.23985E-07  9.11221E-07  3.67479E-11
  11  1.50874E+03  2.27048E+02  8.04152E-01  253.159  3.18667E-07  1.01837E-06  3.65974E-11
  12  1.73746E+03  2.30402E+02  7.79685E-01  253.293  3.13337E-07  1.09547E-06  3.68053E-11
  13  1.96952E+03  2.33710E+02  7.55633E-01  253.303  3.07999E-07  1.13219E-06  3.75201E-11
  14  2.20492E+03  2.37094E+02  7.31995E-01  253.313  3.02652E-07  1.16743E-06  3.82105E-11
  15  2.44360E+03  2.40257E+02  7.08772E-01  253.024  2.97296E-07  1.16087E-06  3.89146E-11
  16  2.68515E+03  2.42844E+02  6.85965E-01  252.072  2.91954E-07  1.06625E-06  3.96831E-11
  17  2.92929E+03  2.45444E+02  6.63575E-01  251.083  2.86601E-07  9.70079E-07  4.04206E-11
  18  3.17602E+03  2.48011E+02  6.41602E-01  250.004  2.81247E-07  8.69738E-07  4.10880E-11
  19  3.42514E+03  2.50224E+02  6.20048E-01  248.533  2.75891E-07  7.41706E-07  4.15414E-11
  20  3.67645E+03  2.52406E+02  5.98911E-01  246.984  2.70536E-07  6.12224E-07  4.19396E-11
  21  3.92994E+03  2.54578E+02  5.78193E-01  245.390  2.65177E-07  4.91348E-07  4.23307E-11
  22  4.18553E+03  2.56591E+02  5.57892E-01  243.599  2.59809E-07  4.14675E-07  4.28615E-11
  23  4.44311E+03  2.58571E+02  5.38010E-01  241.746  2.54440E-07  3.48204E-07  4.33906E-11
  24  4.70271E+03  2.60624E+02  5.18545E-01  239.921  2.49081E-07  2.85942E-07  4.41311E-11
  25  4.96457E+03  2.63104E+02  4.99496E-01  238.449  2.43723E-07  2.42075E-07  4.64227E-11
  26  5.22897E+03  2.65689E+02  4.80864E-01  237.024  2.38374E-07  2.02353E-07  4.89126E-11
  27  5.49594E+03  2.68259E+02  4.62647E-01  235.537  2.33035E-07  1.66111E-07  5.16092E-11
  28  5.76542E+03  2.70710E+02  4.44844E-01  233.898  2.27709E-07  1.38643E-07  5.51714E-11
  29  6.03736E+03  2.73171E+02  4.27454E-01  232.222  2.22399E-07  1.12518E-07  5.86657E-11
  30  6.31187E+03  2.75833E+02  4.10475E-01  230.666  2.17107E-07  9.14522E-08  6.19084E-11
  31  6.58915E+03  2.78728E+02  3.93906E-01  229.257  2.11828E-07  7.58755E-08  6.48855E-11
  32  6.86937E+03  2.81715E+02  3.77746E-01  227.860  2.06578E-07  6.13878E-08  6.78791E-11
  33  7.15284E+03  2.85219E+02  3.61993E-01  226.818  2.01347E-07  5.36182E-08  7.23342E-11
  34  7.43991E+03  2.88926E+02  3.46643E-01  225.861  1.96144E-07  4.77400E-08  7.70098E-11
  35  7.73066E+03  2.92578E+02  3.31696E-01  224.791  1.90967E-07  4.19210E-08  8.14597E-11
  36  8.02501E+03  2.96115E+02  3.17149E-01  223.555  1.85822E-07  3.61172E-08  8.56847E-11
  37  8.32287E+03  2.99622E+02  3.03000E-01  222.229  1.80709E-07  3.06347E-08  8.93993E-11
  38  8.62402E+03  3.02668E+02  2.89245E-01  220.497  1.75631E-07  2.61111E-08  9.13266E-11
  39  8.92819E+03  3.05667E+02  2.75882E-01  218.673  1.70589E-07  2.18884E-08  9.27918E-11
  40  9.23537E+03  3.08709E+02  2.62908E-01  216.824  1.65586E-07  1.84571E-08  9.27264E-11
  41  9.54563E+03  3.11793E+02  2.50320E-01  214.949  1.60623E-07  1.54290E-08  9.19701E-11
  42  9.85978E+03  3.16507E+02  2.38115E-01  214.110  1.55704E-07  1.28718E-08  9.11515E-11
  43  1.01794E+04  3.22765E+02  2.26289E-01  214.205  1.50830E-07  1.07192E-08  9.02705E-11
  44  1.05054E+04  3.29233E+02  2.14838E-01  214.300  1.46004E-07  8.85658E-09  9.01766E-11
  45  1.08380E+04  3.35916E+02  2.03759E-01  214.393  1.41224E-07  7.33053E-09  9.10575E-11
  46  1.11774E+04  3.42853E+02  1.93048E-01  214.496  1.36498E-07  6.05563E-09  1.05378E-10
  47  1.15238E+04  3.50054E+02  1.82701E-01  214.611  1.31824E-07  5.09326E-09  1.37685E-10
  48  1.18776E+04  3.57517E+02  1.72713E-01  214.728  1.27205E-07  4.17330E-09  1.68374E-10
  49  1.22390E+04  3.65260E+02  1.63080E-01  214.845  1.22646E-07  3.29790E-09  1.97292E-10
  50  1.26081E+04  3.73015E+02  1.53798E-01  214.809  1.18141E-07  2.64211E-09  2.24423E-10
  51  1.29851E+04  3.80921E+02  1.44861E-01  214.685  1.13701E-07  2.11629E-09  2.49784E-10
  52  1.33701E+04  3.89125E+02  1.36266E-01  214.557  1.09324E-07  1.61574E-09  2.73370E-10
  53  1.37635E+04  3.97572E+02  1.28007E-01  214.390  1.05009E-07  1.20449E-09  2.95584E-10
  54  1.41653E+04  4.06148E+02  1.20078E-01  214.104  1.00764E-07  1.00728E-09  3.17234E-10
  55  1.45759E+04  4.15039E+02  1.12475E-01  213.803  9.65861E-08  8.33395E-10  3.37110E-10
  56  1.49956E+04  4.24336E+02  1.05192E-01  213.513  9.24808E-08  6.90664E-10  3.59408E-10
  57  1.54249E+04  4.34274E+02  9.82241E-02  213.350  8.84446E-08  7.09041E-10  4.09105E-10
  58  1.58644E+04  4.44709E+02  9.15648E-02  213.210  8.44846E-08  7.54788E-10  4.60532E-10
  59  1.63146E+04  4.55625E+02  8.52085E-02  213.076  8.06002E-08  7.91837E-10  5.07544E-10
  60  1.67760E+04  4.67186E+02  7.91492E-02  213.007  7.67931E-08  7.96928E-10  5.50181E-10
  61  1.72492E+04  4.79322E+02  7.33810E-02  212.949  7.30659E-08  7.94367E-10  5.88490E-10
  62  1.77351E+04  4.92381E+02  6.78974E-02  213.031  6.94201E-08  7.74160E-10  6.17788E-10
  63  1.82349E+04  5.07187E+02  6.26921E-02  213.577  6.58563E-08  7.03955E-10  6.28406E-10
  64  1.87499E+04  5.22863E+02  5.77588E-02  214.174  6.23750E-08  6.33228E-10  6.35264E-10
  65  1.92806E+04  5.38629E+02  5.30907E-02  214.470  5.89821E-08  5.47891E-10  6.39677E-10
  66  1.98273E+04  5.54615E+02  4.86812E-02  214.523  5.56746E-08  4.54085E-10  6.41656E-10
  67  2.03903E+04  5.71508E+02  4.45233E-02  214.576  5.24574E-08  3.74457E-10  6.42598E-10
  68  2.09707E+04  5.89326E+02  4.06103E-02  214.625  4.93276E-08  3.26176E-10  6.45398E-10
  69  2.15695E+04  6.08227E+02  3.69352E-02  214.686  4.62893E-08  2.86074E-10  6.42470E-10
  70  2.21879E+04  6.28631E+02  3.34907E-02  214.858  4.33456E-08  2.75661E-10  6.06395E-10
  71  2.28275E+04  6.50402E+02  3.02696E-02  215.064  4.04945E-08  2.71572E-10  5.63700E-10
  72  2.34895E+04  6.73590E+02  2.72647E-02  215.278  3.77373E-08  2.66611E-10  5.22614E-10
  73  2.41754E+04  6.98363E+02  2.44685E-02  215.504  3.50757E-08  2.59525E-10  4.81526E-10
  74  2.48871E+04  7.25033E+02  2.18736E-02  215.775  3.25125E-08  2.44318E-10  4.32893E-10
  75  2.56265E+04  7.53650E+02  1.94725E-02  216.062  3.00459E-08  2.28182E-10  3.85657E-10
  76  2.63955E+04  7.84443E+02  1.72575E-02  216.365  2.76774E-08  2.12462E-10  3.41532E-10
  77  2.71979E+04  8.20363E+02  1.52211E-02  217.383  2.54081E-08  1.93445E-10  3.06706E-10
  78  2.80388E+04  8.61426E+02  1.33555E-02  218.984  2.32385E-08  1.72759E-10  2.78433E-10
  79  2.89227E+04  9.06246E+02  1.16530E-02  220.653  2.11696E-08  1.53420E-10  2.51757E-10
  80  2.98531E+04  9.54695E+02  1.01058E-02  222.266  1.92002E-08  1.35400E-10  2.41234E-10
  81  3.08342E+04  1.00753E+03  8.70622E-03  223.847  1.73331E-08  1.18697E-10  2.40763E-10
  82  3.18711E+04  1.06626E+03  7.44631E-03  225.598  1.55666E-08  1.04368E-10  2.37609E-10
  83  3.29721E+04  1.13575E+03  6.31828E-03  228.312  1.39012E-08  1.00395E-10  2.30011E-10
  84  3.41472E+04  1.21436E+03  5.31441E-03  231.389  1.23353E-08  9.78968E-11  2.20278E-10
  85  3.54041E+04  1.29937E+03  4.42684E-03  233.985  1.08731E-08  9.44663E-11  2.12970E-10
  86  3.67497E+04  1.39190E+03  3.64782E-03  236.191  9.50792E-09  9.01571E-11  2.06368E-10
  87  3.81930E+04  1.49474E+03  2.96971E-03  238.163  8.24383E-09  8.06227E-11  1.85093E-10
  88  3.97451E+04  1.60946E+03  2.38479E-03  239.841  7.07820E-09  6.70847E-11  1.51912E-10
  89  4.14198E+04  1.73982E+03  1.88548E-03  241.374  6.01115E-09  5.43956E-11  9.38120E-11
  90  4.32346E+04  1.88989E+03  1.46427E-03  242.847  5.04011E-09  4.30929E-11  3.88464E-11
  91  4.52120E+04  2.06488E+03  1.11385E-03  244.380  4.16258E-09  3.39641E-11  2.82818E-11
  92  4.73798E+04  2.27062E+03  8.26914E-04  245.617  3.38122E-09  2.70125E-11  1.92446E-11
  93  4.97713E+04  2.51247E+03  5.96366E-04  246.533  2.68833E-09  2.15536E-11  9.38777E-12
  94  5.24176E+04  2.78022E+03  4.15277E-04  244.860  2.08658E-09  1.84082E-11  5.25147E-12
  95  5.53535E+04  3.09142E+03  2.76896E-04  241.396  1.56960E-09  1.60246E-11  3.36602E-12
  96  5.86331E+04  3.46779E+03  1.74804E-04  236.491  1.13488E-09  1.33835E-11  1.94832E-12
  97  6.23483E+04  3.96267E+03  1.02713E-04  230.738  7.81283E-10  7.76044E-12  1.06712E-12
  98  6.66415E+04  4.62378E+03  5.47147E-05  223.778  5.01143E-10  3.74157E-12  5.27616E-13
  99  7.17097E+04  5.51247E+03  2.53192E-05  213.199  2.90572E-10  2.70738E-12  2.19614E-13
 100  7.79836E+04  7.03544E+03  9.36807E-06  202.001  1.43476E-10  1.60993E-12  7.92650E-14
