! Profile created using TESTLAY
! lat= 45.000, lon=  0.000, 1100mb alt(m)=-6.89000E+02
! input=myp7                                                                  
! Input altitudes: not supplied; calculated instead                     
! Input mixing ratios treated as relative to: dry air                   
! H2O saturation: checked & corrected if needed                         
! no altitude(m)  thickness(m) pressure(atm) temp(K) "fixed" amnt  water amnt   ozone amnt
! -- ------------ ------------ ------------ -------- ------------ ------------ ------------
regression profile 7                    
   1 -5.93671E+02  1.90658E+02  1.07120E+00  243.160  3.71451E-07  2.66109E-07  2.40355E-11
   2 -4.01741E+02  1.93202E+02  1.04269E+00  243.160  3.66389E-07  2.70129E-07  2.38777E-11
   3 -2.07243E+02  1.95795E+02  1.01458E+00  243.160  3.61291E-07  2.74012E-07  2.37152E-11
   4 -1.01271E+01  1.98436E+02  9.86866E-01  243.160  3.56159E-07  2.77752E-07  2.35478E-11
   5  1.89656E+02  2.01130E+02  9.59551E-01  243.160  3.50999E-07  2.81352E-07  2.33760E-11
   6  3.92159E+02  2.03875E+02  9.32636E-01  243.160  3.45807E-07  2.84942E-07  2.31973E-11
   7  5.97435E+02  2.06677E+02  9.06124E-01  243.160  3.40592E-07  2.88899E-07  2.30093E-11
   8  8.05541E+02  2.09535E+02  8.80018E-01  243.160  3.35349E-07  2.93171E-07  2.28217E-11
   9  1.01653E+03  2.12449E+02  8.54320E-01  243.160  3.30083E-07  2.97324E-07  2.26302E-11
  10  1.23031E+03  2.15095E+02  8.29031E-01  242.790  3.24798E-07  2.90799E-07  2.27543E-11
  11  1.44649E+03  2.17284E+02  8.04152E-01  241.852  3.19497E-07  2.68640E-07  2.33452E-11
  12  1.66488E+03  2.19495E+02  7.79685E-01  240.896  3.14178E-07  2.46640E-07  2.39211E-11
  13  1.88550E+03  2.21735E+02  7.55633E-01  239.928  3.08841E-07  2.25004E-07  2.44759E-11
  14  2.10837E+03  2.24009E+02  7.31995E-01  238.947  3.03494E-07  2.03739E-07  2.50098E-11
  15  2.33353E+03  2.26308E+02  7.08772E-01  237.952  2.98130E-07  1.82831E-07  2.55220E-11
  16  2.56097E+03  2.28576E+02  6.85965E-01  236.878  2.92758E-07  1.62748E-07  2.65750E-11
  17  2.79061E+03  2.30697E+02  6.63575E-01  235.608  2.87376E-07  1.44279E-07  2.91215E-11
  18  3.02237E+03  2.32829E+02  6.41602E-01  234.306  2.81991E-07  1.26362E-07  3.16858E-11
  19  3.25627E+03  2.34974E+02  6.20048E-01  232.984  2.76596E-07  1.08830E-07  3.41748E-11
  20  3.49233E+03  2.37147E+02  5.98911E-01  231.643  2.71204E-07  9.14632E-08  3.65877E-11
  21  3.73058E+03  2.39340E+02  5.78193E-01  230.282  2.65810E-07  7.43452E-08  3.89229E-11
  22  3.97102E+03  2.41553E+02  5.57892E-01  228.901  2.60416E-07  5.76509E-08  4.11799E-11
  23  4.21369E+03  2.43788E+02  5.38010E-01  227.500  2.55025E-07  4.14365E-08  4.33589E-11
  24  4.45861E+03  2.46045E+02  5.18545E-01  226.077  2.49642E-07  2.56350E-08  4.54569E-11
  25  4.70579E+03  2.48326E+02  4.99496E-01  224.633  2.44265E-07  1.04854E-08  4.75600E-11
  26  4.95531E+03  2.50706E+02  4.80864E-01  223.235  2.38897E-07  4.75835E-09  5.29393E-11
  27  5.20724E+03  2.53153E+02  4.62647E-01  221.849  2.33540E-07  4.00643E-09  5.98765E-11
  28  5.46163E+03  2.55626E+02  4.44844E-01  220.442  2.28196E-07  3.51096E-09  6.65661E-11
  29  5.71851E+03  2.58128E+02  4.27454E-01  219.012  2.22867E-07  3.02567E-09  7.30120E-11
  30  5.97790E+03  2.60662E+02  4.10475E-01  217.560  2.17558E-07  2.44794E-09  7.92275E-11
  31  6.23992E+03  2.63366E+02  3.93906E-01  216.201  2.12266E-07  1.93562E-09  8.53854E-11
  32  6.50501E+03  2.66823E+02  3.77746E-01  215.396  2.07000E-07  1.83393E-09  9.21953E-11
  33  6.77365E+03  2.70449E+02  3.61993E-01  214.655  2.01756E-07  1.78746E-09  9.88310E-11
  34  7.04595E+03  2.74158E+02  3.46643E-01  213.903  1.96540E-07  1.74125E-09  1.05165E-10
  35  7.32200E+03  2.77948E+02  3.31696E-01  213.136  1.91351E-07  1.69528E-09  1.11190E-10
  36  7.60189E+03  2.81829E+02  3.17149E-01  212.357  1.86195E-07  1.64960E-09  1.16909E-10
  37  7.88570E+03  2.85797E+02  3.03000E-01  211.563  1.81069E-07  1.60419E-09  1.22315E-10
  38  8.17417E+03  2.91128E+02  2.89245E-01  211.670  1.75980E-07  1.45966E-09  1.32166E-10
  39  8.46869E+03  2.97920E+02  2.75882E-01  212.708  1.70927E-07  1.22133E-09  1.46205E-10
  40  8.77013E+03  3.04959E+02  2.62908E-01  213.764  1.65913E-07  9.91345E-10  1.59545E-10
  41  9.07872E+03  3.12215E+02  2.50320E-01  214.812  1.60940E-07  7.72322E-10  1.72432E-10
  42  9.39404E+03  3.18438E+02  2.38115E-01  215.001  1.56011E-07  6.36065E-10  1.91981E-10
  43  9.71538E+03  3.24245E+02  2.26289E-01  214.773  1.51126E-07  5.39541E-10  2.13910E-10
  44  1.00426E+04  3.30240E+02  2.14838E-01  214.540  1.46290E-07  4.46685E-10  2.34635E-10
  45  1.03760E+04  3.36425E+02  2.03759E-01  214.303  1.41501E-07  3.57511E-10  2.54144E-10
  46  1.07156E+04  3.42854E+02  1.93048E-01  214.083  1.36765E-07  3.02470E-10  2.76390E-10
  47  1.10618E+04  3.49557E+02  1.82701E-01  213.892  1.32082E-07  2.91782E-10  3.02696E-10
  48  1.14148E+04  3.56487E+02  1.72713E-01  213.696  1.27454E-07  2.81558E-10  3.27354E-10
  49  1.17749E+04  3.63671E+02  1.63080E-01  213.497  1.22885E-07  2.71465E-10  3.50328E-10
  50  1.21423E+04  3.71102E+02  1.53798E-01  213.293  1.18372E-07  2.61495E-10  3.71601E-10
  51  1.25172E+04  3.78759E+02  1.44861E-01  213.053  1.13923E-07  2.51667E-10  3.94821E-10
  52  1.28999E+04  3.86603E+02  1.36266E-01  212.752  1.09537E-07  2.41978E-10  4.22083E-10
  53  1.32906E+04  3.94730E+02  1.28007E-01  212.444  1.05214E-07  2.32427E-10  4.47230E-10
  54  1.36895E+04  4.03185E+02  1.20078E-01  212.129  1.00961E-07  2.23031E-10  4.70183E-10
  55  1.40971E+04  4.11964E+02  1.12475E-01  211.806  9.67743E-08  2.13783E-10  4.90934E-10
  56  1.45136E+04  4.21103E+02  1.05192E-01  211.476  9.26606E-08  2.04696E-10  5.09547E-10
  57  1.49394E+04  4.30522E+02  9.82241E-02  211.099  8.86165E-08  1.95762E-10  5.28894E-10
  58  1.53747E+04  4.39965E+02  9.15648E-02  210.530  8.46486E-08  1.86997E-10  5.58958E-10
  59  1.58195E+04  4.49750E+02  8.52085E-02  209.924  8.07571E-08  1.78400E-10  5.87420E-10
  60  1.62744E+04  4.59946E+02  7.91492E-02  209.304  7.69422E-08  1.69972E-10  6.12573E-10
  61  1.67397E+04  4.70586E+02  7.33810E-02  208.669  7.32072E-08  1.61721E-10  6.34469E-10
  62  1.72157E+04  4.81533E+02  6.78974E-02  207.946  6.95536E-08  1.53650E-10  6.55706E-10
  63  1.77028E+04  4.92521E+02  6.26921E-02  207.011  6.59839E-08  1.45765E-10  6.80260E-10
  64  1.82010E+04  5.03941E+02  5.77588E-02  206.037  6.24952E-08  1.38058E-10  7.01314E-10
  65  1.87109E+04  5.15902E+02  5.30907E-02  205.034  5.90955E-08  1.30547E-10  7.18610E-10
  66  1.92336E+04  5.29574E+02  4.86812E-02  204.444  5.57810E-08  1.23225E-10  7.24962E-10
  67  1.97724E+04  5.48031E+02  4.45233E-02  205.364  5.25572E-08  1.16104E-10  7.04894E-10
  68  2.03304E+04  5.67955E+02  4.06103E-02  206.444  4.94208E-08  1.09175E-10  6.82071E-10
  69  2.09090E+04  5.89166E+02  3.69352E-02  207.558  4.63767E-08  1.02450E-10  6.58677E-10
  70  2.15095E+04  6.11807E+02  3.34907E-02  208.708  4.34271E-08  9.59344E-11  6.34777E-10
  71  2.21333E+04  6.35832E+02  3.02696E-02  209.846  4.05706E-08  8.96241E-11  6.09693E-10
  72  2.27806E+04  6.58805E+02  2.72647E-02  210.160  3.78082E-08  8.35218E-11  5.72856E-10
  73  2.34512E+04  6.82314E+02  2.44685E-02  210.160  3.51416E-08  7.76310E-11  5.32977E-10
  74  2.41461E+04  7.07477E+02  2.18736E-02  210.160  3.25733E-08  7.19574E-11  4.94562E-10
  75  2.48674E+04  7.35264E+02  1.94725E-02  210.395  3.01017E-08  6.64974E-11  4.54926E-10
  76  2.56194E+04  7.68574E+02  1.72575E-02  211.586  2.77286E-08  6.12550E-11  4.07299E-10
  77  2.64062E+04  8.05027E+02  1.52211E-02  212.926  2.54553E-08  5.62330E-11  3.61730E-10
  78  2.72310E+04  8.44637E+02  1.33555E-02  214.321  2.32815E-08  5.14311E-11  3.19258E-10
  79  2.80972E+04  8.87840E+02  1.16530E-02  215.777  2.12086E-08  4.68518E-11  2.79834E-10
  80  2.90085E+04  9.34775E+02  1.01058E-02  217.232  1.92356E-08  4.24931E-11  2.42781E-10
  81  2.99672E+04  9.82529E+02  8.70622E-03  217.909  1.73648E-08  3.83604E-11  2.01749E-10
  82  3.09754E+04  1.03380E+03  7.44631E-03  218.353  1.55950E-08  3.44509E-11  1.62766E-10
  83  3.20421E+04  1.09959E+03  6.31828E-03  220.628  1.39264E-08  3.07646E-11  1.28069E-10
  84  3.31825E+04  1.18134E+03  5.31441E-03  224.677  1.23575E-08  2.72990E-11  9.75477E-11
  85  3.44059E+04  1.26541E+03  4.42684E-03  227.468  1.08925E-08  2.40626E-11  7.75096E-11
  86  3.57154E+04  1.35357E+03  3.64782E-03  229.285  9.52486E-09  2.10413E-11  6.42651E-11
  87  3.71184E+04  1.45253E+03  2.96971E-03  231.034  8.25845E-09  1.82437E-11  5.27551E-11
  88  3.86233E+04  1.55728E+03  2.38479E-03  231.682  7.09062E-09  1.56638E-11  4.42319E-11
  89  4.02444E+04  1.68485E+03  1.88548E-03  233.284  6.02158E-09  1.33022E-11  3.66855E-11
  90  4.20176E+04  1.86164E+03  1.46427E-03  238.710  5.04879E-09  1.11533E-11  2.95505E-11
  91  4.39851E+04  2.07332E+03  1.11385E-03  244.846  4.16975E-09  9.21135E-12  2.35789E-11
  92  4.61789E+04  2.31422E+03  8.26914E-04  249.828  3.38705E-09  7.48232E-12  1.70392E-11
  93  4.86327E+04  2.59333E+03  5.96366E-04  253.919  2.69301E-09  5.94911E-12  1.07946E-11
  94  5.13870E+04  2.91541E+03  4.15277E-04  256.219  2.09029E-09  4.61765E-12  6.45008E-12
  95  5.44874E+04  3.28527E+03  2.76896E-04  255.912  1.57247E-09  3.47373E-12  3.65158E-12
  96  5.80049E+04  3.74984E+03  1.74804E-04  255.082  1.13704E-09  2.51184E-12  1.80103E-12
  97  6.20483E+04  4.33691E+03  1.02713E-04  252.003  7.82849E-10  1.72939E-12  8.53627E-13
  98  6.67122E+04  4.99085E+03  5.47147E-05  241.210  5.02105E-10  1.10942E-12  2.97566E-13
  99  7.21926E+04  5.97005E+03  2.53192E-05  230.266  2.90620E-10  6.43661E-13  1.39183E-13
 100  7.89943E+04  7.63327E+03  9.36807E-06  218.607  1.43760E-10  3.21028E-13  7.81055E-14
