! Profile created using TESTLAY
! lat= 45.000, lon=  0.000, 1100mb alt(m)=-6.89000E+02
! input=myp10                                                                 
! Input altitudes: not supplied; calculated instead                     
! Input mixing ratios treated as relative to: dry air                   
! H2O saturation: checked & corrected if needed                         
! no altitude(m)  thickness(m) pressure(atm) temp(K) "fixed" amnt  water amnt   ozone amnt
! -- ------------ ------------ ------------ -------- ------------ ------------ ------------
regression profile 10                   
   1 -5.80305E+02  2.17391E+02  1.07120E+00  277.210  3.71347E-07  7.31090E-07  3.68134E-11
   2 -3.62124E+02  2.18969E+02  1.04269E+00  275.548  3.66302E-07  6.72434E-07  3.69820E-11
   3 -1.42366E+02  2.20548E+02  1.01458E+00  273.865  3.61221E-07  6.14424E-07  3.71373E-11
   4  7.89725E+01  2.22128E+02  9.86866E-01  272.158  3.56105E-07  5.57090E-07  3.72789E-11
   5  3.01891E+02  2.23710E+02  9.59551E-01  270.429  3.50962E-07  5.00474E-07  3.74071E-11
   6  5.26392E+02  2.25291E+02  9.32636E-01  268.678  3.45786E-07  4.44809E-07  3.75215E-11
   7  7.52476E+02  2.26878E+02  9.06124E-01  266.907  3.40585E-07  3.92217E-07  3.76233E-11
   8  9.80146E+02  2.28461E+02  8.80018E-01  265.108  3.35355E-07  3.47924E-07  3.77109E-11
   9  1.20940E+03  2.30042E+02  8.54320E-01  263.284  3.30102E-07  3.05225E-07  3.77842E-11
  10  1.44039E+03  2.31951E+02  8.29031E-01  261.801  3.24823E-07  2.73574E-07  3.78541E-11
  11  1.67355E+03  2.34369E+02  8.04152E-01  260.853  3.19522E-07  2.57892E-07  3.79257E-11
  12  1.90915E+03  2.36825E+02  7.79685E-01  259.896  3.14203E-07  2.42577E-07  3.79821E-11
  13  2.14722E+03  2.39314E+02  7.55633E-01  258.928  3.08866E-07  2.27407E-07  3.80236E-11
  14  2.38780E+03  2.41844E+02  7.31995E-01  257.947  3.03519E-07  2.12413E-07  3.80505E-11
  15  2.63092E+03  2.44403E+02  7.08772E-01  256.952  2.98154E-07  1.97642E-07  3.80606E-11
  16  2.87659E+03  2.46937E+02  6.85965E-01  255.878  2.92782E-07  1.82939E-07  3.81620E-11
  17  3.12473E+03  2.49330E+02  6.63575E-01  254.608  2.87401E-07  1.67947E-07  3.85353E-11
  18  3.37526E+03  2.51740E+02  6.41602E-01  253.306  2.82016E-07  1.52490E-07  3.89023E-11
  19  3.62822E+03  2.54170E+02  6.20048E-01  251.984  2.76622E-07  1.37150E-07  3.92427E-11
  20  3.88362E+03  2.56635E+02  5.98911E-01  250.643  2.71230E-07  1.22413E-07  3.95567E-11
  21  4.14150E+03  2.59125E+02  5.78193E-01  249.282  2.65836E-07  1.08171E-07  3.98432E-11
  22  4.40189E+03  2.61644E+02  5.57892E-01  247.901  2.60443E-07  9.42559E-08  4.01019E-11
  23  4.66480E+03  2.64191E+02  5.38010E-01  246.500  2.55052E-07  8.07151E-08  4.03325E-11
  24  4.93028E+03  2.66770E+02  5.18545E-01  245.077  2.49670E-07  6.74945E-08  4.05356E-11
  25  5.19835E+03  2.69369E+02  4.99496E-01  243.625  2.44293E-07  5.46953E-08  4.07418E-11
  26  5.46889E+03  2.71704E+02  4.80864E-01  241.888  2.38928E-07  4.60156E-08  4.21303E-11
  27  5.74169E+03  2.73896E+02  4.62647E-01  239.984  2.33571E-07  3.96123E-08  4.40814E-11
  28  6.01669E+03  2.76099E+02  4.44844E-01  238.052  2.28229E-07  3.35219E-08  4.59461E-11
  29  6.29389E+03  2.78309E+02  4.27454E-01  236.089  2.22902E-07  2.75814E-08  4.77251E-11
  30  6.57331E+03  2.80520E+02  4.10475E-01  234.089  2.17594E-07  2.15920E-08  4.94199E-11
  31  6.85493E+03  2.82737E+02  3.93906E-01  232.060  2.12303E-07  1.62672E-08  5.14065E-11
  32  7.13880E+03  2.84989E+02  3.77746E-01  230.018  2.07038E-07  1.37761E-08  5.51093E-11
  33  7.42492E+03  2.87248E+02  3.61993E-01  227.945  2.01796E-07  1.17177E-08  5.88920E-11
  34  7.71329E+03  2.89509E+02  3.46643E-01  225.836  1.96580E-07  9.71917E-09  6.25017E-11
  35  8.00393E+03  2.91769E+02  3.31696E-01  223.691  1.91390E-07  7.76860E-09  6.59447E-11
  36  8.29683E+03  2.94033E+02  3.17149E-01  221.509  1.86234E-07  5.87883E-09  6.92127E-11
  37  8.59200E+03  2.96291E+02  3.03000E-01  219.289  1.81108E-07  4.05392E-09  7.23002E-11
  38  8.89082E+03  3.01355E+02  2.89245E-01  219.053  1.76020E-07  2.91956E-09  7.64467E-11
  39  9.19621E+03  3.09426E+02  2.75882E-01  220.869  1.70966E-07  2.44293E-09  8.15826E-11
  40  9.50983E+03  3.17811E+02  2.62908E-01  222.718  1.65952E-07  1.98300E-09  8.64362E-11
  41  9.83199E+03  3.26508E+02  2.50320E-01  224.589  1.60978E-07  1.54498E-09  9.10414E-11
  42  1.01627E+04  3.34986E+02  2.38115E-01  226.113  1.56048E-07  1.27272E-09  9.64206E-11
  43  1.05020E+04  3.43527E+02  2.26289E-01  227.482  1.51163E-07  1.08002E-09  1.01957E-10
  44  1.08500E+04  3.52410E+02  2.14838E-01  228.878  1.46326E-07  8.94643E-10  1.07137E-10
  45  1.12070E+04  3.61647E+02  2.03759E-01  230.302  1.41538E-07  7.16613E-10  1.11957E-10
  46  1.15731E+04  3.70671E+02  1.93048E-01  231.386  1.36802E-07  6.00595E-10  1.16534E-10
  47  1.19481E+04  3.79203E+02  1.82701E-01  231.965  1.32119E-07  5.64944E-10  1.20906E-10
  48  1.23317E+04  3.88059E+02  1.72713E-01  232.551  1.27491E-07  5.30880E-10  1.24906E-10
  49  1.27244E+04  3.97271E+02  1.63080E-01  233.149  1.22922E-07  4.97805E-10  1.28536E-10
  50  1.31264E+04  4.06844E+02  1.53798E-01  233.760  1.18408E-07  4.65706E-10  1.31789E-10
  51  1.35382E+04  4.16704E+02  1.44861E-01  234.317  1.13960E-07  4.33047E-10  1.37096E-10
  52  1.39599E+04  4.26763E+02  1.36266E-01  234.772  1.09573E-07  3.98964E-10  1.45853E-10
  53  1.43919E+04  4.37238E+02  1.28007E-01  235.236  1.05250E-07  3.69720E-10  1.53956E-10
  54  1.48347E+04  4.48174E+02  1.20078E-01  235.710  1.00997E-07  3.43685E-10  1.61335E-10
  55  1.52885E+04  4.59580E+02  1.12475E-01  236.195  9.68103E-08  3.20781E-10  1.67985E-10
  56  1.57541E+04  4.71501E+02  1.05192E-01  236.688  9.26967E-08  3.06436E-10  1.73920E-10
  57  1.62317E+04  4.83846E+02  9.82241E-02  237.143  8.86526E-08  2.91390E-10  1.83689E-10
  58  1.67218E+04  4.96277E+02  9.15648E-02  237.372  8.46841E-08  2.69217E-10  2.12795E-10
  59  1.72246E+04  5.09227E+02  8.52085E-02  237.575  8.07925E-08  2.47026E-10  2.42031E-10
  60  1.77406E+04  5.22777E+02  7.91492E-02  237.781  7.69775E-08  2.26306E-10  2.68767E-10
  61  1.82704E+04  5.36990E+02  7.33810E-02  237.992  7.32430E-08  2.06678E-10  2.92997E-10
  62  1.88149E+04  5.51912E+02  6.78974E-02  238.212  6.95884E-08  1.90384E-10  3.20255E-10
  63  1.93747E+04  5.67639E+02  6.26921E-02  238.449  6.60185E-08  1.81193E-10  3.59079E-10
  64  1.99506E+04  5.84152E+02  5.77588E-02  238.693  6.25290E-08  1.74723E-10  3.94652E-10
  65  2.05434E+04  6.01592E+02  5.30907E-02  238.942  5.91294E-08  1.72619E-10  4.26192E-10
  66  2.11541E+04  6.19822E+02  4.86812E-02  239.144  5.58146E-08  1.68677E-10  4.53363E-10
  67  2.17834E+04  6.38592E+02  4.45233E-02  239.160  5.25899E-08  1.59364E-10  4.75380E-10
  68  2.24318E+04  6.58371E+02  4.06103E-02  239.160  4.94536E-08  1.49860E-10  4.93633E-10
  69  2.31007E+04  6.79311E+02  3.69352E-02  239.160  4.64087E-08  1.40633E-10  5.08336E-10
  70  2.37911E+04  7.01547E+02  3.34907E-02  239.160  4.34582E-08  1.31692E-10  5.19600E-10
  71  2.45044E+04  7.25145E+02  3.02696E-02  239.155  4.06005E-08  1.22699E-10  5.26790E-10
  72  2.52420E+04  7.49977E+02  2.72647E-02  239.061  3.78373E-08  1.08565E-10  5.19310E-10
  73  2.60052E+04  7.76336E+02  2.44685E-02  238.930  3.51697E-08  9.49171E-11  5.05973E-10
  74  2.67956E+04  8.04518E+02  2.18736E-02  238.790  3.26003E-08  8.85616E-11  4.91338E-10
  75  2.76157E+04  8.35662E+02  1.94725E-02  238.919  3.01276E-08  8.41674E-11  4.77772E-10
  76  2.84701E+04  8.73162E+02  1.72575E-02  240.165  2.77534E-08  8.35626E-11  4.71331E-10
  77  2.93638E+04  9.14197E+02  1.52211E-02  241.579  2.54787E-08  8.25885E-11  4.61986E-10
  78  3.03003E+04  9.58764E+02  1.33555E-02  243.049  2.33038E-08  7.70373E-11  4.28506E-10
  79  3.12833E+04  1.00736E+03  1.16530E-02  244.582  2.12298E-08  7.01812E-11  3.88404E-10
  80  3.23172E+04  1.06045E+03  1.01058E-02  246.181  1.92554E-08  6.35309E-11  3.50147E-10
  81  3.34068E+04  1.11867E+03  8.70622E-03  247.820  1.73835E-08  5.57953E-11  3.10900E-10
  82  3.45575E+04  1.18280E+03  7.44631E-03  249.527  1.56125E-08  4.82307E-11  2.73406E-10
  83  3.57753E+04  1.25280E+03  6.31828E-03  251.119  1.39426E-08  4.22504E-11  2.38705E-10
  84  3.70665E+04  1.32961E+03  5.31441E-03  252.615  1.23725E-08  3.74926E-11  2.06698E-10
  85  3.84418E+04  1.42103E+03  4.42684E-03  255.102  1.09062E-08  3.30492E-11  1.73588E-10
  86  3.99163E+04  1.52778E+03  3.64782E-03  258.432  9.53736E-09  2.89011E-11  1.41265E-10
  87  4.15055E+04  1.65064E+03  2.96971E-03  262.136  8.26969E-09  2.51958E-11  1.12791E-10
  88  4.32303E+04  1.79909E+03  2.38479E-03  267.182  7.10080E-09  2.25512E-11  8.79603E-11
  89  4.51126E+04  1.96540E+03  1.88548E-03  271.772  6.03071E-09  2.02073E-11  6.70719E-11
  90  4.71626E+04  2.13458E+03  1.46427E-03  273.383  5.05690E-09  1.78414E-11  5.05824E-11
  91  4.93950E+04  2.33037E+03  1.11385E-03  274.869  4.17678E-09  1.41616E-11  3.67890E-11
  92  5.18357E+04  2.55100E+03  8.26914E-04  275.037  3.39304E-09  1.09834E-11  2.53175E-11
  93  5.45124E+04  2.80244E+03  5.96366E-04  274.049  2.69797E-09  8.38389E-12  1.60482E-11
  94  5.74639E+04  3.10048E+03  4.15277E-04  272.059  2.09426E-09  6.23098E-12  9.61468E-12
  95  6.07413E+04  3.45432E+03  2.76896E-04  268.671  1.57554E-09  4.47721E-12  5.48488E-12
  96  6.44159E+04  3.89497E+03  1.74804E-04  264.550  1.13932E-09  3.17765E-12  2.68188E-12
  97  6.85917E+04  4.45662E+03  1.02713E-04  258.521  7.84445E-10  2.35829E-12  1.14275E-12
  98  7.33819E+04  5.12369E+03  5.47147E-05  247.100  5.03146E-10  1.63072E-12  4.26620E-13
  99  7.90119E+04  6.13629E+03  2.53192E-05  236.156  2.91236E-10  9.31127E-13  2.36430E-13
 100  8.60085E+04  7.85695E+03  9.36807E-06  224.497  1.44073E-10  4.40469E-13  1.43496E-13
