! Profile created using TESTLAY
! lat= 45.000, lon=  0.000, 1100mb alt(m)=-6.89000E+02
! input=myp15                                                                 
! Input altitudes: not supplied; calculated instead                     
! Input mixing ratios treated as relative to: dry air                   
! H2O saturation: checked & corrected if needed                         
! no altitude(m)  thickness(m) pressure(atm) temp(K) "fixed" amnt  water amnt   ozone amnt
! -- ------------ ------------ ------------ -------- ------------ ------------ ------------
regression profile 15                   
   1 -5.67495E+02  2.43010E+02  1.07120E+00  305.187  3.61965E-07  4.23123E-05  1.79487E-11
   2 -3.23529E+02  2.44922E+02  1.04269E+00  303.862  3.57701E-07  3.88048E-05  1.77372E-11
   3 -7.76456E+01  2.46844E+02  1.01458E+00  302.520  3.53392E-07  3.53425E-05  1.75235E-11
   4  1.70165E+02  2.48777E+02  9.86866E-01  301.159  3.49036E-07  3.19273E-05  1.73076E-11
   5  4.19914E+02  2.50721E+02  9.59551E-01  299.780  3.44642E-07  2.85615E-05  1.70897E-11
   6  6.71610E+02  2.52673E+02  9.32636E-01  298.381  3.40204E-07  2.52492E-05  1.68696E-11
   7  9.25270E+02  2.54647E+02  9.06124E-01  296.962  3.35708E-07  2.20882E-05  1.66467E-11
   8  1.18093E+03  2.56672E+02  8.80018E-01  295.521  3.31079E-07  1.93888E-05  1.64172E-11
   9  1.43862E+03  2.58713E+02  8.54320E-01  294.061  3.26406E-07  1.67856E-05  1.61854E-11
  10  1.69840E+03  2.60834E+02  8.29031E-01  292.615  3.21631E-07  1.45356E-05  1.61135E-11
  11  1.96035E+03  2.63070E+02  8.04152E-01  291.204  3.16724E-07  1.27841E-05  1.62772E-11
  12  2.22454E+03  2.65323E+02  7.79685E-01  289.773  3.11791E-07  1.10681E-05  1.64337E-11
  13  2.49100E+03  2.67592E+02  7.55633E-01  288.320  3.06833E-07  9.38530E-06  1.65820E-11
  14  2.75974E+03  2.69884E+02  7.31995E-01  286.846  3.01856E-07  7.73619E-06  1.67218E-11
  15  3.03078E+03  2.72188E+02  7.08772E-01  285.350  2.96855E-07  6.12010E-06  1.68511E-11
  16  3.30416E+03  2.74587E+02  6.85965E-01  283.874  2.91777E-07  4.81438E-06  1.70435E-11
  17  3.58007E+03  2.77217E+02  6.63575E-01  282.488  2.86512E-07  4.28731E-06  1.74236E-11
  18  3.85862E+03  2.79889E+02  6.41602E-01  281.087  2.81233E-07  3.81494E-06  1.78019E-11
  19  4.13986E+03  2.82585E+02  6.20048E-01  279.664  2.75941E-07  3.35204E-06  1.81634E-11
  20  4.42381E+03  2.85319E+02  5.98911E-01  278.220  2.70650E-07  2.89849E-06  1.85078E-11
  21  4.71051E+03  2.88082E+02  5.78193E-01  276.754  2.65355E-07  2.45458E-06  1.88344E-11
  22  4.99999E+03  2.90876E+02  5.57892E-01  275.267  2.60057E-07  2.02077E-06  1.91432E-11
  23  5.29228E+03  2.93702E+02  5.38010E-01  273.757  2.54760E-07  1.59733E-06  1.94343E-11
  24  5.58741E+03  2.96564E+02  5.18545E-01  272.225  2.49470E-07  1.18445E-06  1.97072E-11
  25  5.88542E+03  2.99447E+02  4.99496E-01  270.658  2.44181E-07  7.88577E-07  1.99499E-11
  26  6.18611E+03  3.01942E+02  4.80864E-01  268.656  2.38846E-07  6.43828E-07  1.97393E-11
  27  6.48919E+03  3.04228E+02  4.62647E-01  266.405  2.33493E-07  6.27798E-07  1.92969E-11
  28  6.79456E+03  3.06512E+02  4.44844E-01  264.119  2.28154E-07  6.11854E-07  1.88557E-11
  29  7.10222E+03  3.08797E+02  4.27454E-01  261.795  2.22829E-07  5.95995E-07  1.84156E-11
  30  7.41216E+03  3.11085E+02  4.10475E-01  259.435  2.17526E-07  5.80207E-07  1.79774E-11
  31  7.72438E+03  3.13356E+02  3.93906E-01  257.031  2.12241E-07  5.53461E-07  1.75533E-11
  32  8.03885E+03  3.15582E+02  3.77746E-01  254.560  2.06994E-07  4.74350E-07  1.71934E-11
  33  8.35554E+03  3.17790E+02  3.61993E-01  252.043  2.01769E-07  3.90420E-07  1.68410E-11
  34  8.67442E+03  3.19984E+02  3.46643E-01  249.483  1.96571E-07  3.09075E-07  1.64880E-11
  35  8.99550E+03  3.22164E+02  3.31696E-01  246.878  1.91400E-07  2.30345E-07  1.61355E-11
  36  9.31874E+03  3.24328E+02  3.17149E-01  244.228  1.86260E-07  1.54269E-07  1.57828E-11
  37  9.64414E+03  3.26470E+02  3.03000E-01  241.531  1.81151E-07  8.08809E-08  1.54296E-11
  38  9.97174E+03  3.28735E+02  2.89245E-01  238.885  1.76070E-07  4.09712E-08  1.52219E-11
  39  1.03017E+04  3.31127E+02  2.75882E-01  236.290  1.71017E-07  3.29172E-08  1.51518E-11
  40  1.06340E+04  3.33506E+02  2.62908E-01  233.649  1.66005E-07  2.51535E-08  1.50701E-11
  41  1.09687E+04  3.35866E+02  2.50320E-01  230.959  1.61032E-07  1.77764E-08  1.49861E-11
  42  1.13057E+04  3.38261E+02  2.38115E-01  228.254  1.56102E-07  1.34538E-08  1.51675E-11
  43  1.16452E+04  3.40654E+02  2.26289E-01  225.515  1.51214E-07  1.05864E-08  1.54534E-11
  44  1.19870E+04  3.43029E+02  2.14838E-01  222.723  1.46377E-07  7.83403E-09  1.57097E-11
  45  1.23312E+04  3.45368E+02  2.03759E-01  219.876  1.41587E-07  5.19717E-09  1.59358E-11
  46  1.26779E+04  3.47988E+02  1.93048E-01  217.164  1.36849E-07  3.50660E-09  1.70896E-11
  47  1.30274E+04  3.51032E+02  1.82701E-01  214.673  1.32163E-07  3.04117E-09  1.94917E-11
  48  1.33800E+04  3.54079E+02  1.72713E-01  212.132  1.27532E-07  2.60343E-09  2.17607E-11
  49  1.37356E+04  3.57130E+02  1.63080E-01  209.539  1.22960E-07  2.18416E-09  2.38860E-11
  50  1.40942E+04  3.60163E+02  1.53798E-01  206.891  1.18444E-07  1.78332E-09  2.58665E-11
  51  1.44563E+04  3.63923E+02  1.44861E-01  204.588  1.13993E-07  1.41064E-09  2.93631E-11
  52  1.48227E+04  3.68938E+02  1.36266E-01  202.915  1.09603E-07  1.07484E-09  3.53352E-11
  53  1.51942E+04  3.74084E+02  1.28007E-01  201.219  1.05277E-07  9.42484E-10  4.09623E-11
  54  1.55709E+04  3.79361E+02  1.20078E-01  199.484  1.01020E-07  9.26570E-10  4.61968E-11
  55  1.59530E+04  3.84756E+02  1.12475E-01  197.710  9.68307E-08  8.54506E-10  5.10370E-11
  56  1.63405E+04  3.90285E+02  1.05192E-01  195.895  9.27139E-08  5.91382E-10  5.54849E-11
  57  1.67340E+04  3.96629E+02  9.82241E-02  194.371  8.86666E-08  3.63348E-10  6.14821E-11
  58  1.71355E+04  4.06432E+02  9.15648E-02  194.372  8.46955E-08  3.15918E-10  7.56314E-11
  59  1.75473E+04  4.17102E+02  8.52085E-02  194.575  8.08007E-08  2.91946E-10  8.97500E-11
  60  1.79700E+04  4.28270E+02  7.91492E-02  194.781  7.69828E-08  2.75696E-10  1.02700E-10
  61  1.84041E+04  4.39986E+02  7.33810E-02  194.991  7.32460E-08  2.62314E-10  1.14495E-10
  62  1.88509E+04  4.53574E+02  6.78974E-02  195.753  6.95897E-08  2.51739E-10  1.48057E-10
  63  1.93134E+04  4.71457E+02  6.26921E-02  198.036  6.60167E-08  2.47848E-10  2.38566E-10
  64  1.97944E+04  4.90629E+02  5.77588E-02  200.472  6.25261E-08  2.45930E-10  3.24747E-10
  65  2.02953E+04  5.11041E+02  5.30907E-02  202.976  5.91248E-08  2.47484E-10  4.03128E-10
  66  2.08171E+04  5.32637E+02  4.86812E-02  205.510  5.58086E-08  2.44510E-10  4.76917E-10
  67  2.13611E+04  5.55287E+02  4.45233E-02  207.969  5.25833E-08  2.28866E-10  5.53038E-10
  68  2.19284E+04  5.79408E+02  4.06103E-02  210.489  4.94458E-08  2.12757E-10  6.21326E-10
  69  2.25207E+04  6.05207E+02  3.69352E-02  213.088  4.64003E-08  1.97280E-10  6.81064E-10
  70  2.31398E+04  6.32875E+02  3.34907E-02  215.771  4.34494E-08  1.82440E-10  7.32465E-10
  71  2.37874E+04  6.62318E+02  3.02696E-02  218.463  4.05914E-08  1.67806E-10  7.72702E-10
  72  2.44633E+04  6.89615E+02  2.72647E-02  219.866  3.78279E-08  1.46942E-10  7.56391E-10
  73  2.51668E+04  7.17262E+02  2.44685E-02  220.798  3.51603E-08  1.27000E-10  7.20861E-10
  74  2.58989E+04  7.46988E+02  2.18736E-02  221.767  3.25911E-08  1.16717E-10  6.85279E-10
  75  2.66620E+04  7.79180E+02  1.94725E-02  222.833  3.01186E-08  1.08499E-10  6.44104E-10
  76  2.74590E+04  8.14807E+02  1.72575E-02  224.184  2.77447E-08  1.02913E-10  5.83030E-10
  77  2.82931E+04  8.53504E+02  1.52211E-02  225.615  2.54702E-08  9.75905E-11  5.23388E-10
  78  2.91676E+04  8.95557E+02  1.33555E-02  227.104  2.32956E-08  9.30817E-11  4.67425E-10
  79  3.00861E+04  9.41428E+02  1.16530E-02  228.657  2.12219E-08  8.87262E-11  4.15105E-10
  80  3.10525E+04  9.91344E+02  1.01058E-02  230.229  1.92478E-08  8.38565E-11  3.65481E-10
  81  3.20698E+04  1.04327E+03  8.70622E-03  231.223  1.73762E-08  7.49195E-11  3.09436E-10
  82  3.31412E+04  1.09949E+03  7.44631E-03  232.064  1.56055E-08  6.54018E-11  2.55685E-10
  83  3.42791E+04  1.17636E+03  6.31828E-03  235.836  1.39361E-08  5.65815E-11  2.07484E-10
  84  3.55052E+04  1.27584E+03  5.31441E-03  242.442  1.23665E-08  4.84544E-11  1.64694E-10
  85  3.68283E+04  1.37037E+03  4.42684E-03  246.156  1.09008E-08  4.05996E-11  1.34944E-10
  86  3.82449E+04  1.46277E+03  3.64782E-03  247.595  9.53239E-09  3.48662E-11  1.13763E-10
  87  3.97600E+04  1.56748E+03  2.96971E-03  249.110  8.26518E-09  3.16467E-11  9.49707E-11
  88  4.13869E+04  1.68629E+03  2.38479E-03  250.639  7.09675E-09  2.73704E-11  7.96394E-11
  89  4.31430E+04  1.82583E+03  1.88548E-03  252.612  6.02702E-09  2.29238E-11  6.61705E-11
  90  4.50544E+04  1.99700E+03  1.46427E-03  255.885  5.05357E-09  1.82389E-11  5.43304E-11
  91  4.71524E+04  2.19893E+03  1.11385E-03  259.495  4.17386E-09  1.49495E-11  4.41648E-11
  92  4.94629E+04  2.42216E+03  8.26914E-04  261.310  3.39053E-09  1.23755E-11  3.21934E-11
  93  5.20106E+04  2.67333E+03  5.96366E-04  261.592  2.69586E-09  1.01892E-11  2.04000E-11
  94  5.48345E+04  2.97442E+03  4.15277E-04  261.158  2.09254E-09  8.17507E-12  1.21912E-11
  95  5.79903E+04  3.33709E+03  2.76896E-04  259.708  1.57418E-09  6.34114E-12  6.90054E-12
  96  6.15553E+04  3.79298E+03  1.74804E-04  257.764  1.13830E-09  4.69795E-12  3.40258E-12
  97  6.56394E+04  4.37519E+03  1.02713E-04  253.963  7.83727E-10  3.22224E-12  1.61289E-12
  98  7.03440E+04  5.03410E+03  5.47147E-05  243.020  5.02673E-10  1.96736E-12  5.62290E-13
  99  7.58731E+04  6.02404E+03  2.53192E-05  232.076  2.90953E-10  1.12502E-12  2.63014E-13
 100  8.27380E+04  7.70572E+03  9.36807E-06  220.417  1.43928E-10  5.64882E-13  1.47595E-13
