! Profile created using TESTLAY
! lat= 45.000, lon=  0.000, 1100mb alt(m)=-6.89000E+02
! input=myp17                                                                 
! Input altitudes: not supplied; calculated instead                     
! Input mixing ratios treated as relative to: dry air                   
! H2O saturation: checked & corrected if needed                         
! no altitude(m)  thickness(m) pressure(atm) temp(K) "fixed" amnt  water amnt   ozone amnt
! -- ------------ ------------ ------------ -------- ------------ ------------ ------------
regression profile 17                   
   1 -5.69974E+02  2.38051E+02  1.07120E+00  301.181  3.66538E-07  2.20475E-05  2.11386E-11
   2 -3.30781E+02  2.40336E+02  1.04269E+00  300.187  3.61802E-07  2.06311E-05  2.22017E-11
   3 -8.92908E+01  2.42644E+02  1.01458E+00  299.180  3.57026E-07  1.92299E-05  2.32419E-11
   4  1.54520E+02  2.44977E+02  9.86866E-01  298.159  3.52213E-07  1.78446E-05  2.42583E-11
   5  4.00678E+02  2.47338E+02  9.59551E-01  297.125  3.47367E-07  1.64762E-05  2.52507E-11
   6  6.49208E+02  2.49721E+02  9.32636E-01  296.075  3.42487E-07  1.51241E-05  2.62166E-11
   7  9.00135E+02  2.52133E+02  9.06124E-01  295.007  3.37573E-07  1.38109E-05  2.71549E-11
   8  1.15349E+03  2.54585E+02  8.80018E-01  293.928  3.32603E-07  1.26225E-05  2.80759E-11
   9  1.40932E+03  2.57067E+02  8.54320E-01  292.834  3.27604E-07  1.14647E-05  2.89714E-11
  10  1.66762E+03  2.59529E+02  8.29031E-01  291.674  3.22588E-07  1.02831E-05  3.01420E-11
  11  1.92835E+03  2.61942E+02  8.04152E-01  290.420  3.17561E-07  9.05882E-06  3.17295E-11
  12  2.19151E+03  2.64378E+02  7.79685E-01  289.147  3.12513E-07  7.85484E-06  3.32779E-11
  13  2.45712E+03  2.66838E+02  7.55633E-01  287.856  3.07442E-07  6.67292E-06  3.47899E-11
  14  2.72521E+03  2.69329E+02  7.31995E-01  286.546  3.02354E-07  5.51367E-06  3.62625E-11
  15  2.99579E+03  2.71841E+02  7.08772E-01  285.218  2.97245E-07  4.37719E-06  3.76871E-11
  16  3.26891E+03  2.74407E+02  6.85965E-01  283.867  2.92072E-07  3.48837E-06  3.88180E-11
  17  3.54465E+03  2.77074E+02  6.63575E-01  282.488  2.86749E-07  3.22725E-06  3.92379E-11
  18  3.82308E+03  2.79776E+02  6.41602E-01  281.087  2.81412E-07  3.00580E-06  3.95945E-11
  19  4.10422E+03  2.82503E+02  6.20048E-01  279.664  2.76065E-07  2.78799E-06  3.99243E-11
  20  4.38811E+03  2.85270E+02  5.98911E-01  278.220  2.70720E-07  2.57434E-06  4.02283E-11
  21  4.67477E+03  2.88065E+02  5.78193E-01  276.754  2.65371E-07  2.36479E-06  4.05048E-11
  22  4.96425E+03  2.90894E+02  5.57892E-01  275.267  2.60023E-07  2.15932E-06  4.07538E-11
  23  5.25658E+03  2.93755E+02  5.38010E-01  273.757  2.54676E-07  1.95799E-06  4.09752E-11
  24  5.55178E+03  2.96654E+02  5.18545E-01  272.225  2.49337E-07  1.76099E-06  4.11690E-11
  25  5.84990E+03  2.99581E+02  4.99496E-01  270.663  2.44001E-07  1.56837E-06  4.14449E-11
  26  6.15085E+03  3.02328E+02  4.80864E-01  268.888  2.38677E-07  1.37976E-06  4.59359E-11
  27  6.45451E+03  3.04986E+02  4.62647E-01  266.983  2.33362E-07  1.19558E-06  5.24823E-11
  28  6.76084E+03  3.07662E+02  4.44844E-01  265.047  2.28060E-07  1.01630E-06  5.88136E-11
  29  7.06985E+03  3.10359E+02  4.27454E-01  263.080  2.22772E-07  8.41797E-07  6.49142E-11
  30  7.38156E+03  3.13079E+02  4.10475E-01  261.084  2.17503E-07  6.71985E-07  7.07717E-11
  31  7.69600E+03  3.15794E+02  3.93906E-01  259.038  2.12246E-07  5.22048E-07  7.61623E-11
  32  8.01312E+03  3.18434E+02  3.77746E-01  256.866  2.06997E-07  4.48396E-07  8.02401E-11
  33  8.33287E+03  3.21071E+02  3.61993E-01  254.646  2.01769E-07  3.86532E-07  8.39761E-11
  34  8.65526E+03  3.23715E+02  3.46643E-01  252.388  1.96566E-07  3.26483E-07  8.75198E-11
  35  8.98030E+03  3.26364E+02  3.31696E-01  250.089  1.91391E-07  2.68172E-07  9.08700E-11
  36  9.30799E+03  3.29021E+02  3.17149E-01  247.750  1.86247E-07  2.11722E-07  9.40251E-11
  37  9.63834E+03  3.31681E+02  3.03000E-01  245.370  1.81134E-07  1.57182E-07  9.69832E-11
  38  9.97122E+03  3.34083E+02  2.89245E-01  242.757  1.76053E-07  1.19146E-07  1.03186E-10
  39  1.03064E+04  3.36208E+02  2.75882E-01  239.904  1.71004E-07  9.68519E-08  1.12449E-10
  40  1.06436E+04  3.38299E+02  2.62908E-01  236.998  1.65994E-07  7.53553E-08  1.21234E-10
  41  1.09830E+04  3.40364E+02  2.50320E-01  234.045  1.61024E-07  5.48659E-08  1.29709E-10
  42  1.13245E+04  3.42715E+02  2.38115E-01  231.254  1.56096E-07  4.11067E-08  1.42665E-10
  43  1.16685E+04  3.45195E+02  2.26289E-01  228.515  1.51211E-07  3.06494E-08  1.57220E-10
  44  1.20149E+04  3.47658E+02  2.14838E-01  225.723  1.46376E-07  2.06203E-08  1.70958E-10
  45  1.23638E+04  3.50087E+02  2.03759E-01  222.876  1.41587E-07  1.10213E-08  1.83872E-10
  46  1.27153E+04  3.53052E+02  1.93048E-01  220.319  1.36850E-07  5.26095E-09  1.99248E-10
  47  1.30703E+04  3.56825E+02  1.82701E-01  218.209  1.32165E-07  4.48322E-09  2.18187E-10
  48  1.34290E+04  3.60645E+02  1.72713E-01  216.060  1.27534E-07  3.77423E-09  2.35943E-10
  49  1.37916E+04  3.64516E+02  1.63080E-01  213.866  1.22963E-07  3.09576E-09  2.52486E-10
  50  1.41580E+04  3.68414E+02  1.53798E-01  211.625  1.18446E-07  2.44774E-09  2.67802E-10
  51  1.45287E+04  3.72913E+02  1.44861E-01  209.638  1.13995E-07  1.87111E-09  2.87244E-10
  52  1.49044E+04  3.78410E+02  1.36266E-01  208.119  1.09606E-07  1.39181E-09  3.13888E-10
  53  1.52856E+04  3.84061E+02  1.28007E-01  206.578  1.05280E-07  1.08094E-09  3.38621E-10
  54  1.56726E+04  3.89872E+02  1.20078E-01  205.003  1.01024E-07  8.70797E-10  3.61329E-10
  55  1.60654E+04  3.95828E+02  1.12475E-01  203.391  9.68342E-08  6.89499E-10  3.82036E-10
  56  1.64643E+04  4.01943E+02  1.05192E-01  201.739  9.27167E-08  5.80981E-10  4.00775E-10
  57  1.68698E+04  4.08988E+02  9.82241E-02  200.417  8.86703E-08  4.92107E-10  4.15786E-10
  58  1.72842E+04  4.19877E+02  9.15648E-02  200.790  8.46994E-08  4.45199E-10  4.21134E-10
  59  1.77100E+04  4.31750E+02  8.52085E-02  201.396  8.08045E-08  4.05838E-10  4.24232E-10
  60  1.81480E+04  4.44207E+02  7.91492E-02  202.016  7.69870E-08  3.81754E-10  4.26111E-10
  61  1.85987E+04  4.57305E+02  7.33810E-02  202.651  7.32505E-08  3.63226E-10  4.26819E-10
  62  1.90633E+04  4.71816E+02  6.78974E-02  203.615  6.95940E-08  3.45095E-10  4.27858E-10
  63  1.95438E+04  4.89170E+02  6.26921E-02  205.465  6.60217E-08  3.27381E-10  4.31550E-10
  64  2.00422E+04  5.07650E+02  5.77588E-02  207.414  6.25309E-08  3.12557E-10  4.33909E-10
  65  2.05597E+04  5.27287E+02  5.30907E-02  209.415  5.91298E-08  3.02934E-10  4.34774E-10
  66  2.10972E+04  5.47830E+02  4.86812E-02  211.360  5.58134E-08  2.91117E-10  4.34652E-10
  67  2.16555E+04  5.68664E+02  4.45233E-02  212.966  5.25883E-08  2.72349E-10  4.34712E-10
  68  2.22352E+04  5.90723E+02  4.06103E-02  214.586  4.94507E-08  2.53647E-10  4.33303E-10
  69  2.28377E+04  6.14246E+02  3.69352E-02  216.257  4.64050E-08  2.35651E-10  4.30349E-10
  70  2.34645E+04  6.39396E+02  3.34907E-02  217.981  4.34536E-08  2.18370E-10  4.25914E-10
  71  2.41173E+04  6.66193E+02  3.02696E-02  219.725  4.05957E-08  2.02142E-10  4.19696E-10
  72  2.47968E+04  6.92828E+02  2.72647E-02  220.866  3.78321E-08  1.92284E-10  4.06583E-10
  73  2.55035E+04  7.20590E+02  2.44685E-02  221.798  3.51641E-08  1.83514E-10  3.90839E-10
  74  2.62390E+04  7.50436E+02  2.18736E-02  222.767  3.25945E-08  1.70605E-10  3.74681E-10
  75  2.70061E+04  7.83797E+02  1.94725E-02  224.118  3.01219E-08  1.57027E-10  3.57735E-10
  76  2.78105E+04  8.24887E+02  1.72575E-02  226.917  2.77476E-08  1.41683E-10  3.38994E-10
  77  2.86580E+04  8.70164E+02  1.52211E-02  229.976  2.54731E-08  1.26866E-10  3.20085E-10
  78  2.95529E+04  9.19629E+02  1.33555E-02  233.162  2.32984E-08  1.10674E-10  3.01234E-10
  79  3.04996E+04  9.73871E+02  1.16530E-02  236.487  2.12246E-08  9.49266E-11  2.82480E-10
  80  3.15032E+04  1.03320E+03  1.01058E-02  239.895  1.92506E-08  8.05904E-11  2.63521E-10
  81  3.25672E+04  1.09494E+03  8.70622E-03  242.617  1.73788E-08  6.84728E-11  2.41048E-10
  82  3.36957E+04  1.16202E+03  7.44631E-03  245.199  1.56082E-08  5.77516E-11  2.18362E-10
  83  3.48932E+04  1.23300E+03  6.31828E-03  247.219  1.39387E-08  5.39422E-11  1.93822E-10
  84  3.61641E+04  1.30874E+03  5.31441E-03  248.718  1.23691E-08  5.48979E-11  1.68461E-10
  85  3.75191E+04  1.40119E+03  4.42684E-03  251.601  1.09031E-08  5.82731E-11  1.41205E-10
  86  3.89751E+04  1.51096E+03  3.64782E-03  255.650  9.53454E-09  5.98721E-11  1.14056E-10
  87  4.05479E+04  1.63455E+03  2.96971E-03  259.676  8.26724E-09  5.66549E-11  9.02114E-11
  88  4.22470E+04  1.76371E+03  2.38479E-03  262.067  7.09863E-09  5.19887E-11  6.95126E-11
  89  4.40853E+04  1.91280E+03  1.88548E-03  264.561  6.02879E-09  4.73162E-11  5.19238E-11
  90  4.60886E+04  2.09388E+03  1.46427E-03  268.208  5.05519E-09  4.28768E-11  3.74320E-11
  91  4.82892E+04  2.30736E+03  1.11385E-03  272.191  4.17532E-09  3.64462E-11  2.54865E-11
  92  5.06983E+04  2.51080E+03  8.26914E-04  270.920  3.39183E-09  2.92011E-11  1.67783E-11
  93  5.33074E+04  2.70732E+03  5.96366E-04  264.995  2.69695E-09  2.21704E-11  1.04791E-11
  94  5.61367E+04  2.95128E+03  4.15277E-04  259.147  2.09340E-09  1.64101E-11  6.23160E-12
  95  5.92407E+04  3.25680E+03  2.76896E-04  253.518  1.57481E-09  1.17711E-11  3.62555E-12
  96  6.26886E+04  3.63886E+03  1.74804E-04  247.347  1.13871E-09  7.94068E-12  1.85877E-12
  97  6.65784E+04  4.14073E+03  1.02713E-04  240.404  7.83959E-10  4.81374E-12  9.03789E-13
  98  7.10186E+04  4.73970E+03  5.47147E-05  228.800  5.02783E-10  2.58844E-12  4.46899E-13
  99  7.62156E+04  5.65427E+03  2.53192E-05  217.856  2.90987E-10  1.31028E-12  2.11645E-13
 100  8.26458E+04  7.20622E+03  9.36807E-06  206.197  1.43927E-10  5.61458E-13  9.99087E-14
