! Profile created using TESTLAY
! lat= 45.000, lon=  0.000, 1100mb alt(m)=-6.89000E+02
! input=myp18                                                                 
! Input altitudes: not supplied; calculated instead                     
! Input mixing ratios treated as relative to: dry air                   
! H2O saturation: checked & corrected if needed                         
! no altitude(m)  thickness(m) pressure(atm) temp(K) "fixed" amnt  water amnt   ozone amnt
! -- ------------ ------------ ------------ -------- ------------ ------------ ------------
regression profile 18                   
   1 -5.69988E+02  2.38025E+02  1.07120E+00  300.181  3.64557E-07  3.08266E-05  3.01174E-11
   2 -3.30812E+02  2.40327E+02  1.04269E+00  299.187  3.59796E-07  2.95169E-05  3.00545E-11
   3 -8.93219E+01  2.42653E+02  1.01458E+00  298.180  3.54998E-07  2.82179E-05  2.99834E-11
   4  1.54507E+02  2.45005E+02  9.86866E-01  297.159  3.50162E-07  2.69301E-05  2.99040E-11
   5  4.00702E+02  2.47385E+02  9.59551E-01  296.125  3.45296E-07  2.56546E-05  2.98166E-11
   6  6.49289E+02  2.49788E+02  9.32636E-01  295.075  3.40395E-07  2.43909E-05  2.97221E-11
   7  9.00293E+02  2.52219E+02  9.06124E-01  294.007  3.35466E-07  2.31470E-05  2.96228E-11
   8  1.15374E+03  2.54684E+02  8.80018E-01  292.928  3.30497E-07  2.19554E-05  2.95111E-11
   9  1.40967E+03  2.57177E+02  8.54320E-01  291.834  3.25501E-07  2.07825E-05  2.93906E-11
  10  1.66808E+03  2.59631E+02  8.29031E-01  290.674  3.20532E-07  1.93928E-05  2.92459E-11
  11  1.92890E+03  2.62003E+02  8.04152E-01  289.420  3.15616E-07  1.76784E-05  2.90693E-11
  12  2.19210E+03  2.64397E+02  7.79685E-01  288.147  3.10678E-07  1.59883E-05  2.88849E-11
  13  2.45770E+03  2.66813E+02  7.55633E-01  286.856  3.05715E-07  1.43261E-05  2.86957E-11
  14  2.72574E+03  2.69258E+02  7.31995E-01  285.546  3.00734E-07  1.26933E-05  2.85012E-11
  15  2.99623E+03  2.71723E+02  7.08772E-01  284.218  2.95730E-07  1.10908E-05  2.82985E-11
  16  3.26917E+03  2.74170E+02  6.85965E-01  282.792  2.90658E-07  9.75805E-06  2.81336E-11
  17  3.54452E+03  2.76513E+02  6.63575E-01  281.130  2.85423E-07  9.09895E-06  2.80835E-11
  18  3.82220E+03  2.78866E+02  6.41602E-01  279.429  2.80174E-07  8.48939E-06  2.80298E-11
  19  4.10225E+03  2.81230E+02  6.20048E-01  277.702  2.74914E-07  7.89029E-06  2.79638E-11
  20  4.38468E+03  2.83615E+02  5.98911E-01  275.949  2.69652E-07  7.30157E-06  2.78879E-11
  21  4.66949E+03  2.86015E+02  5.78193E-01  274.169  2.64388E-07  6.72362E-06  2.78009E-11
  22  4.95671E+03  2.88429E+02  5.57892E-01  272.363  2.59119E-07  6.15699E-06  2.77021E-11
  23  5.24636E+03  2.90859E+02  5.38010E-01  270.530  2.53853E-07  5.60219E-06  2.75928E-11
  24  5.53844E+03  2.93307E+02  5.18545E-01  268.668  2.48592E-07  5.05935E-06  2.74716E-11
  25  5.83298E+03  2.95775E+02  4.99496E-01  266.784  2.43332E-07  4.53072E-06  2.73416E-11
  26  6.13014E+03  2.98554E+02  4.80864E-01  265.119  2.38062E-07  4.09490E-06  2.73440E-11
  27  6.43018E+03  3.01521E+02  4.62647E-01  263.561  2.32792E-07  3.71125E-06  2.74044E-11
  28  6.73321E+03  3.04525E+02  4.44844E-01  261.980  2.27534E-07  3.33707E-06  2.74454E-11
  29  7.03925E+03  3.07566E+02  4.27454E-01  260.374  2.22289E-07  2.97216E-06  2.74677E-11
  30  7.34836E+03  3.10644E+02  4.10475E-01  258.738  2.17062E-07  2.61680E-06  2.74745E-11
  31  7.66049E+03  3.13633E+02  3.93906E-01  256.978  2.11851E-07  2.26429E-06  2.74663E-11
  32  7.97534E+03  3.16061E+02  3.77746E-01  254.712  2.06670E-07  1.88951E-06  2.74559E-11
  33  8.29257E+03  3.18403E+02  3.61993E-01  252.341  2.01509E-07  1.52164E-06  2.74272E-11
  34  8.61215E+03  3.20747E+02  3.46643E-01  249.931  1.96372E-07  1.17332E-06  2.73788E-11
  35  8.93407E+03  3.23101E+02  3.31696E-01  247.480  1.91245E-07  9.02134E-07  2.73104E-11
  36  9.25835E+03  3.25452E+02  3.17149E-01  244.987  1.86144E-07  6.54891E-07  2.72222E-11
  37  9.58497E+03  3.27790E+02  3.03000E-01  242.450  1.81072E-07  4.16299E-07  2.71135E-11
  38  9.91395E+03  3.30164E+02  2.89245E-01  239.885  1.76012E-07  2.79733E-07  2.74108E-11
  39  1.02453E+04  3.32579E+02  2.75882E-01  237.290  1.70968E-07  2.40246E-07  2.80918E-11
  40  1.05791E+04  3.34978E+02  2.62908E-01  234.649  1.65962E-07  2.02106E-07  2.87186E-11
  41  1.09153E+04  3.37356E+02  2.50320E-01  231.959  1.60995E-07  1.65493E-07  2.93745E-11
  42  1.12538E+04  3.39773E+02  2.38115E-01  229.254  1.56072E-07  1.35183E-07  3.24266E-11
  43  1.15948E+04  3.42190E+02  2.26289E-01  226.515  1.51190E-07  1.08323E-07  3.64519E-11
  44  1.19382E+04  3.44590E+02  2.14838E-01  223.723  1.46359E-07  8.25314E-08  4.02594E-11
  45  1.22840E+04  3.46952E+02  2.03759E-01  220.876  1.41573E-07  5.78119E-08  4.38464E-11
  46  1.26321E+04  3.49348E+02  1.93048E-01  218.009  1.36839E-07  4.03762E-08  4.84346E-11
  47  1.29827E+04  3.51793E+02  1.82701E-01  215.136  1.32155E-07  3.23089E-08  5.44319E-11
  48  1.33357E+04  3.54201E+02  1.72713E-01  212.205  1.27526E-07  2.46609E-08  6.00767E-11
  49  1.36911E+04  3.56571E+02  1.63080E-01  209.213  1.22955E-07  1.73638E-08  6.53556E-11
  50  1.40488E+04  3.58881E+02  1.53798E-01  206.158  1.18440E-07  1.04181E-08  7.02658E-11
  51  1.44093E+04  3.62146E+02  1.44861E-01  203.592  1.13990E-07  5.69755E-09  8.52236E-11
  52  1.47739E+04  3.67113E+02  1.36266E-01  201.915  1.09600E-07  4.29092E-09  1.16254E-10
  53  1.51436E+04  3.72220E+02  1.28007E-01  200.219  1.05274E-07  3.28675E-09  1.45649E-10
  54  1.55184E+04  3.77454E+02  1.20078E-01  198.484  1.01018E-07  2.49920E-09  1.73103E-10
  55  1.58986E+04  3.82803E+02  1.12475E-01  196.710  9.68286E-08  1.76234E-09  1.98621E-10
  56  1.62841E+04  3.88284E+02  1.05192E-01  194.895  9.27117E-08  1.09748E-09  2.22222E-10
  57  1.66760E+04  3.95430E+02  9.82241E-02  193.777  8.86654E-08  5.74990E-10  2.47278E-10
  58  1.70787E+04  4.10057E+02  9.15648E-02  196.094  8.46937E-08  5.32893E-10  2.85287E-10
  59  1.74970E+04  4.26441E+02  8.52085E-02  198.918  8.07998E-08  5.44798E-10  3.22022E-10
  60  1.79321E+04  4.43760E+02  7.91492E-02  201.813  7.69815E-08  5.04869E-10  3.55472E-10
  61  1.83850E+04  4.62113E+02  7.33810E-02  204.782  7.32452E-08  4.48913E-10  3.85711E-10
  62  1.88563E+04  4.80547E+02  6.78974E-02  207.396  6.95894E-08  4.11397E-10  4.13387E-10
  63  1.93453E+04  4.97279E+02  6.26921E-02  208.887  6.60177E-08  4.16194E-10  4.39498E-10
  64  1.98513E+04  5.14795E+02  5.77588E-02  210.349  6.25274E-08  4.27754E-10  4.62410E-10
  65  2.03754E+04  5.33375E+02  5.30907E-02  211.851  5.91260E-08  4.49280E-10  4.82118E-10
  66  2.09186E+04  5.53164E+02  4.86812E-02  213.429  5.58106E-08  4.59060E-10  4.97138E-10
  67  2.14825E+04  5.74512E+02  4.45233E-02  215.166  5.25853E-08  4.37498E-10  5.04262E-10
  68  2.20684E+04  5.97248E+02  4.06103E-02  216.967  4.94480E-08  4.13849E-10  5.08512E-10
  69  2.26777E+04  6.21508E+02  3.69352E-02  218.823  4.64026E-08  3.90734E-10  5.10419E-10
  70  2.33122E+04  6.47463E+02  3.34907E-02  220.739  4.34517E-08  3.68179E-10  5.10068E-10
  71  2.39736E+04  6.75232E+02  3.02696E-02  222.714  4.05937E-08  3.46084E-10  5.06799E-10
  72  2.46636E+04  7.04775E+02  2.72647E-02  224.675  3.78304E-08  3.23071E-10  4.89938E-10
  73  2.53842E+04  7.36437E+02  2.44685E-02  226.675  3.51628E-08  2.97162E-10  4.68317E-10
  74  2.61377E+04  7.70592E+02  2.18736E-02  228.749  3.25932E-08  2.59046E-10  4.46497E-10
  75  2.69265E+04  8.07033E+02  1.94725E-02  230.775  3.01211E-08  2.22844E-10  4.24635E-10
  76  2.77524E+04  8.44656E+02  1.72575E-02  232.374  2.77471E-08  1.92174E-10  4.03087E-10
  77  2.86173E+04  8.85260E+02  1.52211E-02  233.985  2.54727E-08  1.65029E-10  3.81467E-10
  78  2.95246E+04  9.29412E+02  1.33555E-02  235.663  2.32981E-08  1.54092E-10  3.59797E-10
  79  3.04782E+04  9.77605E+02  1.16530E-02  237.414  2.12244E-08  1.48239E-10  3.38130E-10
  80  3.14822E+04  1.03056E+03  1.01058E-02  239.298  1.92504E-08  1.41836E-10  3.15352E-10
  81  3.25435E+04  1.09203E+03  8.70622E-03  241.966  1.73788E-08  1.34275E-10  2.79519E-10
  82  3.36701E+04  1.16106E+03  7.44631E-03  244.991  1.56081E-08  1.26219E-10  2.42320E-10
  83  3.48718E+04  1.24238E+03  6.31828E-03  249.051  1.39387E-08  1.11172E-10  2.08217E-10
  84  3.61617E+04  1.33746E+03  5.31441E-03  254.125  1.23690E-08  9.16455E-11  1.77104E-10
  85  3.75475E+04  1.43420E+03  4.42684E-03  257.555  1.09033E-08  7.37681E-11  1.47215E-10
  86  3.90320E+04  1.53480E+03  3.64782E-03  259.712  9.53470E-09  5.90174E-11  1.19311E-10
  87  4.06241E+04  1.64925E+03  2.96971E-03  262.021  8.26739E-09  4.81522E-11  9.47681E-11
  88  4.23391E+04  1.78084E+03  2.38479E-03  264.595  7.09882E-09  4.00343E-11  7.34257E-11
  89  4.41945E+04  1.93003E+03  1.88548E-03  266.971  6.02900E-09  3.39097E-11  5.55138E-11
  90  4.62064E+04  2.09366E+03  1.46427E-03  268.226  5.05539E-09  3.08687E-11  4.14075E-11
  91  4.83951E+04  2.28380E+03  1.11385E-03  269.467  4.17548E-09  2.84788E-11  2.96706E-11
  92  5.07787E+04  2.48345E+03  8.26914E-04  267.917  3.39192E-09  2.35954E-11  2.02833E-11
  93  5.33687E+04  2.69647E+03  5.96366E-04  263.873  2.69701E-09  1.77130E-11  1.29164E-11
  94  5.61925E+04  2.95115E+03  4.15277E-04  259.131  2.09343E-09  1.30554E-11  7.62639E-12
  95  5.92963E+04  3.25636E+03  2.76896E-04  253.481  1.57483E-09  9.43829E-12  4.06551E-12
  96  6.27403E+04  3.63167E+03  1.74804E-04  246.906  1.13873E-09  6.71568E-12  1.77920E-12
  97  6.66104E+04  4.10851E+03  1.02713E-04  238.581  7.83969E-10  4.90346E-12  7.36061E-13
  98  7.10124E+04  4.69545E+03  5.47147E-05  226.670  5.02783E-10  3.19551E-12  2.98916E-13
  99  7.61594E+04  5.59868E+03  2.53192E-05  215.726  2.90982E-10  1.91662E-12  1.76558E-13
 100  8.25243E+04  7.13117E+03  9.36807E-06  204.067  1.43922E-10  9.81100E-13  1.11949E-13
