! Profile created using TESTLAY
! lat= 38.000, lon=  0.000, 1100mb alt(m)=-6.89000E+02
! input=myp37                                                                 
! Input altitudes: not supplied; calculated instead                     
! Input mixing ratios treated as relative to: dry air                   
! H2O saturation: checked & corrected if needed                         
! no altitude(m)  thickness(m) pressure(atm) temp(K) "fixed" amnt  water amnt   ozone amnt
! -- ------------ ------------ ------------ -------- ------------ ------------ ------------
regression profile 37                   
   1 -5.69269E+02  2.39462E+02  1.07120E+00  304.111  3.69486E-07  1.00356E-05  4.49374E-11
   2 -3.28399E+02  2.42278E+02  1.04269E+00  303.651  3.64499E-07  9.71743E-06  4.54480E-11
   3 -8.46907E+01  2.45138E+02  1.01458E+00  303.190  3.59488E-07  9.34719E-06  4.57032E-11
   4  1.61901E+02  2.48046E+02  9.86866E-01  302.721  3.54432E-07  9.02355E-06  4.61695E-11
   5  4.11426E+02  2.51004E+02  9.59551E-01  302.250  3.49352E-07  8.68173E-06  4.65317E-11
   6  6.63932E+02  2.54007E+02  9.32636E-01  301.770  3.44241E-07  8.33730E-06  4.68561E-11
   7  9.19433E+02  2.56996E+02  9.06124E-01  301.206  3.39108E-07  7.98068E-06  4.71502E-11
   8  1.17768E+03  2.59501E+02  8.80018E-01  300.035  3.33972E-07  7.51768E-06  4.73003E-11
   9  1.43802E+03  2.61166E+02  8.54320E-01  297.879  3.28850E-07  6.88762E-06  4.72162E-11
  10  1.69994E+03  2.62673E+02  8.29031E-01  295.522  3.23711E-07  6.24216E-06  4.71066E-11
  11  1.96335E+03  2.64160E+02  8.04152E-01  293.124  3.18545E-07  5.61925E-06  4.70671E-11
  12  2.22825E+03  2.65630E+02  7.79685E-01  290.694  3.13367E-07  4.98075E-06  4.67770E-11
  13  2.49460E+03  2.67085E+02  7.55633E-01  288.233  3.08163E-07  4.36733E-06  4.65634E-11
  14  2.76242E+03  2.68537E+02  7.31995E-01  285.745  3.02944E-07  3.77468E-06  4.63569E-11
  15  3.03175E+03  2.70134E+02  7.08772E-01  283.390  2.97692E-07  3.25731E-06  4.60927E-11
  16  3.30299E+03  2.72351E+02  6.85965E-01  281.625  2.92379E-07  2.97399E-06  4.56786E-11
  17  3.57658E+03  2.74824E+02  6.63575E-01  280.071  2.87033E-07  2.79356E-06  4.54529E-11
  18  3.85266E+03  2.77343E+02  6.41602E-01  278.514  2.81683E-07  2.61730E-06  4.51086E-11
  19  4.13128E+03  2.79886E+02  6.20048E-01  276.941  2.76324E-07  2.43602E-06  4.46226E-11
  20  4.41245E+03  2.82456E+02  5.98911E-01  275.342  2.70965E-07  2.26418E-06  4.42411E-11
  21  4.69620E+03  2.85043E+02  5.78193E-01  273.713  2.65604E-07  2.09593E-06  4.38660E-11
  22  4.98255E+03  2.87659E+02  5.57892E-01  272.063  2.60243E-07  1.93010E-06  4.34673E-11
  23  5.27153E+03  2.90299E+02  5.38010E-01  270.391  2.54884E-07  1.76297E-06  4.29568E-11
  24  5.56316E+03  2.92958E+02  5.18545E-01  268.685  2.49533E-07  1.60343E-06  4.25365E-11
  25  5.85746E+03  2.95652E+02  4.99496E-01  266.961  2.44186E-07  1.44697E-06  4.21055E-11
  26  6.15447E+03  2.98362E+02  4.80864E-01  265.204  2.38850E-07  1.29098E-06  4.15768E-11
  27  6.45420E+03  3.01102E+02  4.62647E-01  263.423  2.33523E-07  1.14105E-06  4.11151E-11
  28  6.75669E+03  3.03866E+02  4.44844E-01  261.613  2.28211E-07  9.92964E-07  4.05727E-11
  29  7.06194E+03  3.06652E+02  4.27454E-01  259.772  2.22912E-07  8.50278E-07  4.00888E-11
  30  7.37000E+03  3.09458E+02  4.10475E-01  257.895  2.17633E-07  7.09982E-07  3.95328E-11
  31  7.68088E+03  3.12293E+02  3.93906E-01  255.994  2.12369E-07  5.74917E-07  3.90561E-11
  32  7.99460E+03  3.15158E+02  3.77746E-01  254.063  2.07130E-07  4.43407E-07  3.85516E-11
  33  8.31119E+03  3.18026E+02  3.61993E-01  252.083  2.01912E-07  3.20047E-07  3.78677E-11
  34  8.63062E+03  3.20821E+02  3.46643E-01  249.987  1.96710E-07  2.43430E-07  3.72664E-11
  35  8.95278E+03  3.23498E+02  3.31696E-01  247.747  1.91523E-07  2.15612E-07  3.65858E-11
  36  9.27762E+03  3.26183E+02  3.17149E-01  245.462  1.86368E-07  1.94646E-07  3.57415E-11
  37  9.60514E+03  3.28856E+02  3.03000E-01  243.126  1.81243E-07  1.75065E-07  3.50261E-11
  38  9.93534E+03  3.31547E+02  2.89245E-01  240.755  1.76154E-07  1.55810E-07  3.42547E-11
  39  1.02682E+04  3.34246E+02  2.75882E-01  238.344  1.71102E-07  1.37147E-07  3.34667E-11
  40  1.06038E+04  3.36937E+02  2.62908E-01  235.885  1.66088E-07  1.19161E-07  3.26820E-11
  41  1.09421E+04  3.39620E+02  2.50320E-01  233.376  1.61114E-07  1.01828E-07  3.18979E-11
  42  1.12831E+04  3.42308E+02  2.38115E-01  230.825  1.56184E-07  8.51553E-08  3.11122E-11
  43  1.16267E+04  3.44988E+02  2.26289E-01  228.226  1.51298E-07  6.90843E-08  3.02962E-11
  44  1.19730E+04  3.47660E+02  2.14838E-01  225.575  1.46461E-07  5.33225E-08  2.92745E-11
  45  1.23220E+04  3.50303E+02  2.03759E-01  222.867  1.41670E-07  3.83702E-08  2.81866E-11
  46  1.26736E+04  3.52936E+02  1.93048E-01  220.107  1.36932E-07  2.44260E-08  2.71703E-11
  47  1.30280E+04  3.55692E+02  1.82701E-01  217.381  1.32246E-07  1.19701E-08  2.63147E-11
  48  1.33856E+04  3.59499E+02  1.72713E-01  215.236  1.27614E-07  4.75726E-09  2.68258E-11
  49  1.37477E+04  3.64764E+02  1.63080E-01  213.874  1.23039E-07  3.48730E-09  2.90504E-11
  50  1.41153E+04  3.70376E+02  1.53798E-01  212.613  1.18520E-07  3.12396E-09  3.13120E-11
  51  1.44885E+04  3.76154E+02  1.44861E-01  211.324  1.14067E-07  2.78136E-09  3.33489E-11
  52  1.48676E+04  3.82094E+02  1.36266E-01  210.012  1.09674E-07  2.46443E-09  3.52763E-11
  53  1.52528E+04  3.88187E+02  1.28007E-01  208.665  1.05346E-07  2.15410E-09  3.68622E-11
  54  1.56441E+04  3.94477E+02  1.20078E-01  207.293  1.01087E-07  1.86407E-09  3.83229E-11
  55  1.60418E+04  4.00937E+02  1.12475E-01  205.886  9.68949E-08  1.58932E-09  3.95495E-11
  56  1.64461E+04  4.07616E+02  1.05192E-01  204.452  9.27767E-08  1.33182E-09  4.06059E-11
  57  1.68571E+04  4.14459E+02  9.82241E-02  202.975  8.87266E-08  1.09106E-09  4.15093E-11
  58  1.72753E+04  4.21877E+02  9.15648E-02  201.626  8.47537E-08  8.76875E-10  4.37814E-11
  59  1.77022E+04  4.32012E+02  8.52085E-02  201.389  8.08569E-08  7.56235E-10  5.65204E-11
  60  1.81408E+04  4.45088E+02  7.91492E-02  202.287  7.70353E-08  7.17772E-10  7.86344E-11
  61  1.85930E+04  4.59240E+02  7.33810E-02  203.376  7.32971E-08  6.92961E-10  1.00906E-10
  62  1.90597E+04  4.74152E+02  6.78974E-02  204.496  6.96384E-08  6.65707E-10  1.21229E-10
  63  1.95417E+04  4.89904E+02  6.26921E-02  205.646  6.60642E-08  6.41179E-10  1.40429E-10
  64  2.00399E+04  5.06523E+02  5.77588E-02  206.826  6.25709E-08  6.14563E-10  1.57533E-10
  65  2.05552E+04  5.24154E+02  5.30907E-02  208.045  5.91672E-08  5.89072E-10  1.73310E-10
  66  2.10887E+04  5.42822E+02  4.86812E-02  209.297  5.58490E-08  5.63174E-10  1.88062E-10
  67  2.16415E+04  5.62711E+02  4.45233E-02  210.605  5.26215E-08  5.37711E-10  2.13790E-10
  68  2.22149E+04  5.84021E+02  4.06103E-02  212.017  4.94823E-08  5.16207E-10  2.83295E-10
  69  2.28103E+04  6.06805E+02  3.69352E-02  213.504  4.64341E-08  4.95341E-10  3.62675E-10
  70  2.34293E+04  6.31176E+02  3.34907E-02  215.043  4.34812E-08  4.74328E-10  4.35233E-10
  71  2.40735E+04  6.57236E+02  3.02696E-02  216.634  4.06212E-08  4.54017E-10  5.00239E-10
  72  2.47447E+04  6.85172E+02  2.72647E-02  218.281  3.78557E-08  4.33479E-10  5.57182E-10
  73  2.54448E+04  7.15143E+02  2.44685E-02  219.977  3.51860E-08  4.12652E-10  6.05953E-10
  74  2.61760E+04  7.47264E+02  2.18736E-02  221.680  3.26147E-08  3.90010E-10  6.47174E-10
  75  2.69404E+04  7.81436E+02  1.94725E-02  223.310  3.01406E-08  3.64246E-10  6.83373E-10
  76  2.77402E+04  8.18270E+02  1.72575E-02  224.970  2.77648E-08  3.37747E-10  7.11326E-10
  77  2.85785E+04  8.58213E+02  1.52211E-02  226.690  2.54888E-08  3.12016E-10  7.31408E-10
  78  2.94584E+04  9.01658E+02  1.33555E-02  228.481  2.33126E-08  2.87538E-10  7.44706E-10
  79  3.03840E+04  9.49437E+02  1.16530E-02  230.427  2.12373E-08  2.64969E-10  7.46281E-10
  80  3.13606E+04  1.00383E+03  1.01058E-02  232.940  1.92620E-08  2.48284E-10  7.09936E-10
  81  3.23952E+04  1.06547E+03  8.70622E-03  235.939  1.73891E-08  2.36064E-10  6.52886E-10
  82  3.34950E+04  1.13400E+03  7.44631E-03  239.137  1.56173E-08  2.22851E-10  5.92623E-10
  83  3.46671E+04  1.21025E+03  6.31828E-03  242.489  1.39467E-08  2.08367E-10  5.32468E-10
  84  3.59198E+04  1.29513E+03  5.31441E-03  245.965  1.23760E-08  1.91013E-10  4.65667E-10
  85  3.72625E+04  1.39037E+03  4.42684E-03  249.519  1.09093E-08  1.69023E-10  3.85376E-10
  86  3.87065E+04  1.49761E+03  3.64782E-03  253.254  9.53987E-09  1.47519E-10  3.10347E-10
  87  4.02650E+04  1.61924E+03  2.96971E-03  257.094  8.27180E-09  1.27538E-10  2.44018E-10
  88  4.19514E+04  1.75371E+03  2.38479E-03  260.420  7.10249E-09  1.08614E-10  1.83774E-10
  89  4.37810E+04  1.90549E+03  1.88548E-03  263.411  6.03209E-09  9.11917E-11  1.31444E-10
  90  4.57729E+04  2.07823E+03  1.46427E-03  266.104  5.05795E-09  7.52909E-11  8.86231E-11
  91  4.79424E+04  2.26076E+03  1.11385E-03  266.649  4.17755E-09  6.05723E-11  5.65318E-11
  92  5.03065E+04  2.46754E+03  8.26914E-04  265.989  3.39359E-09  4.81856E-11  3.37379E-11
  93  5.28980E+04  2.71534E+03  5.96366E-04  265.474  2.69833E-09  3.80830E-11  2.11339E-11
  94  5.57687E+04  3.02605E+03  4.15277E-04  265.400  2.09449E-09  2.96130E-11  1.57944E-11
  95  5.89869E+04  3.41047E+03  2.76896E-04  265.148  1.57568E-09  2.24109E-11  1.03865E-11
  96  6.26157E+04  3.84700E+03  1.74804E-04  261.471  1.13941E-09  1.60006E-11  5.19704E-12
  97  6.66621E+04  4.24583E+03  1.02713E-04  246.556  7.84483E-10  9.98861E-12  2.32314E-12
  98  7.12373E+04  4.90463E+03  5.47147E-05  236.351  5.03237E-10  5.48148E-12  9.60188E-13
  99  7.66469E+04  5.91446E+03  2.53192E-05  227.693  2.91689E-10  2.70538E-12  3.86170E-13
 100  8.33004E+04  7.39256E+03  9.36807E-06  212.254  1.43954E-10  9.42401E-13  1.82068E-13
