! Profile created using TESTLAY
! lat=-77.510, lon=  0.000, 1100mb alt(m)=-6.89000E+02
! input=myp28                                                                 
! Input altitudes: not supplied; calculated instead                     
! Input mixing ratios treated as relative to: dry air                   
! H2O saturation: checked & corrected if needed                         
! no altitude(m)  thickness(m) pressure(atm) temp(K) "fixed" amnt  water amnt   ozone amnt
! -- ------------ ------------ ------------ -------- ------------ ------------ ------------
regression profile 28                   
   1 -5.83915E+02  2.10170E+02  1.07120E+00  268.567  3.70278E-07  1.52743E-06  4.33285E-11
   2 -3.73202E+02  2.11257E+02  1.04269E+00  266.412  3.65263E-07  1.38567E-06  4.41265E-11
   3 -1.61409E+02  2.12328E+02  1.01458E+00  264.229  3.60212E-07  1.24556E-06  4.48999E-11
   4  5.14450E+01  2.13381E+02  9.86866E-01  262.016  3.55126E-07  1.10716E-06  4.56479E-11
   5  2.65344E+02  2.14417E+02  9.59551E-01  259.774  3.50011E-07  9.70574E-07  4.63706E-11
   6  4.80395E+02  2.15685E+02  9.32636E-01  257.800  3.44858E-07  8.68279E-07  4.70637E-11
   7  6.96916E+02  2.17357E+02  9.06124E-01  256.279  3.39668E-07  8.18847E-07  4.77258E-11
   8  9.15152E+02  2.19115E+02  8.80018E-01  254.831  3.34448E-07  7.80343E-07  4.83601E-11
   9  1.13522E+03  2.21020E+02  8.54320E-01  253.522  3.29201E-07  7.60006E-07  4.89664E-11
  10  1.35724E+03  2.23025E+02  8.29031E-01  252.290  3.23939E-07  7.10960E-07  4.95455E-11
  11  1.58135E+03  2.25187E+02  8.04152E-01  251.203  3.18668E-07  6.10681E-07  5.00975E-11
  12  1.80757E+03  2.27251E+02  7.79685E-01  249.965  3.13377E-07  5.29238E-07  5.06185E-11
  13  2.03577E+03  2.29149E+02  7.55633E-01  248.507  3.08061E-07  4.75210E-07  5.11064E-11
  14  2.26587E+03  2.31062E+02  7.31995E-01  247.027  3.02733E-07  4.22304E-07  5.15646E-11
  15  2.49791E+03  2.33010E+02  7.08772E-01  245.552  2.97388E-07  3.77899E-07  5.20344E-11
  16  2.73193E+03  2.35032E+02  6.85965E-01  244.118  2.92031E-07  3.50667E-07  5.25651E-11
  17  2.96798E+03  2.37071E+02  6.63575E-01  242.664  2.86663E-07  3.24472E-07  5.30644E-11
  18  3.20611E+03  2.39188E+02  6.41602E-01  241.250  2.81293E-07  2.96360E-07  5.34932E-11
  19  3.44652E+03  2.41628E+02  6.20048E-01  240.123  2.75918E-07  2.56935E-07  5.37069E-11
  20  3.68941E+03  2.44150E+02  5.98911E-01  239.024  2.70543E-07  2.16665E-07  5.38652E-11
  21  3.93481E+03  2.46648E+02  5.78193E-01  237.856  2.65167E-07  1.75630E-07  5.40169E-11
  22  4.18251E+03  2.48765E+02  5.57892E-01  236.279  2.59794E-07  1.23609E-07  5.43099E-11
  23  4.43230E+03  2.50812E+02  5.38010E-01  234.597  2.54426E-07  7.04428E-08  5.46024E-11
  24  4.68416E+03  2.52897E+02  5.18545E-01  232.915  2.49063E-07  2.38971E-08  5.57902E-11
  25  4.93820E+03  2.55187E+02  4.99496E-01  231.376  2.43698E-07  1.23327E-08  6.29118E-11
  26  5.19456E+03  2.57530E+02  4.80864E-01  229.845  2.38342E-07  7.19591E-09  7.08847E-11
  27  5.45329E+03  2.59944E+02  4.62647E-01  228.331  2.32998E-07  3.21173E-09  8.01338E-11
  28  5.71454E+03  2.62542E+02  4.44844E-01  226.931  2.27667E-07  2.54734E-09  9.39735E-11
  29  5.97840E+03  2.65183E+02  4.27454E-01  225.518  2.22352E-07  2.14846E-09  1.07713E-10
  30  6.24495E+03  2.67921E+02  4.10475E-01  224.136  2.17056E-07  1.84631E-09  1.20958E-10
  31  6.51429E+03  2.70766E+02  3.93906E-01  222.792  2.11775E-07  1.64940E-09  1.33698E-10
  32  6.78652E+03  2.73682E+02  3.77746E-01  221.445  2.06523E-07  1.45718E-09  1.45772E-10
  33  7.06181E+03  2.76894E+02  3.61993E-01  220.279  2.01292E-07  1.26080E-09  1.55719E-10
  34  7.34037E+03  2.80233E+02  3.46643E-01  219.148  1.96088E-07  1.06768E-09  1.64779E-10
  35  7.62248E+03  2.83998E+02  3.31696E-01  218.277  1.90911E-07  1.03892E-09  1.74253E-10
  36  7.90869E+03  2.88406E+02  3.17149E-01  217.813  1.85766E-07  1.24405E-09  1.84518E-10
  37  8.19933E+03  2.92887E+02  3.03000E-01  217.311  1.80652E-07  1.42105E-09  1.95099E-10
  38  8.49439E+03  2.97224E+02  2.89245E-01  216.606  1.75576E-07  1.46797E-09  2.09814E-10
  39  8.79381E+03  3.01627E+02  2.75882E-01  215.856  1.70535E-07  1.49068E-09  2.24502E-10
  40  9.09770E+03  3.06141E+02  2.62908E-01  215.093  1.65533E-07  1.46654E-09  2.38385E-10
  41  9.40615E+03  3.10771E+02  2.50320E-01  214.318  1.60570E-07  1.42257E-09  2.51459E-10
  42  9.71967E+03  3.16270E+02  2.38115E-01  214.025  1.55653E-07  1.37730E-09  2.63733E-10
  43  1.00391E+04  3.22592E+02  2.26289E-01  214.168  1.50779E-07  1.33101E-09  2.75192E-10
  44  1.03650E+04  3.29103E+02  2.14838E-01  214.292  1.45954E-07  1.27818E-09  2.86691E-10
  45  1.06974E+04  3.35794E+02  2.03759E-01  214.391  1.41177E-07  1.21721E-09  2.98412E-10
  46  1.10367E+04  3.42826E+02  1.93048E-01  214.556  1.36451E-07  1.16139E-09  3.24532E-10
  47  1.13833E+04  3.50265E+02  1.82701E-01  214.816  1.31779E-07  1.11210E-09  3.70176E-10
  48  1.17374E+04  3.57979E+02  1.72713E-01  215.083  1.27161E-07  1.06378E-09  4.13258E-10
  49  1.20994E+04  3.66016E+02  1.63080E-01  215.365  1.22603E-07  1.01671E-09  4.53616E-10
  50  1.24700E+04  3.75148E+02  1.53798E-01  216.109  1.18100E-07  9.81993E-10  4.91216E-10
  51  1.28501E+04  3.85139E+02  1.44861E-01  217.131  1.13662E-07  9.53984E-10  5.26100E-10
  52  1.32404E+04  3.95562E+02  1.36266E-01  218.175  1.09286E-07  9.25986E-10  5.58250E-10
  53  1.36415E+04  4.06619E+02  1.28007E-01  219.334  1.04974E-07  8.86012E-10  5.89686E-10
  54  1.40542E+04  4.18732E+02  1.20078E-01  220.803  1.00730E-07  8.10690E-10  6.24345E-10
  55  1.44793E+04  4.31461E+02  1.12475E-01  222.327  9.65537E-08  7.35804E-10  6.56242E-10
  56  1.49175E+04  4.44992E+02  1.05192E-01  223.969  9.24499E-08  6.64938E-10  6.85823E-10
  57  1.53702E+04  4.60422E+02  9.82241E-02  226.254  8.84159E-08  6.03072E-10  7.18061E-10
  58  1.58389E+04  4.76937E+02  9.15648E-02  228.718  8.44581E-08  5.45089E-10  7.47893E-10
  59  1.63246E+04  4.94391E+02  8.52085E-02  231.257  8.05766E-08  4.93752E-10  7.74114E-10
  60  1.68283E+04  5.13025E+02  7.91492E-02  233.959  7.67704E-08  4.72342E-10  7.96738E-10
  61  1.73512E+04  5.32791E+02  7.33810E-02  236.751  7.30458E-08  4.56648E-10  8.15857E-10
  62  1.78940E+04  5.52850E+02  6.78974E-02  239.249  6.94017E-08  4.51961E-10  8.33074E-10
  63  1.84561E+04  5.71232E+02  6.26921E-02  240.599  6.58407E-08  4.80966E-10  8.51698E-10
  64  1.90369E+04  5.90402E+02  5.77588E-02  241.887  6.23613E-08  5.08856E-10  8.66860E-10
  65  1.96369E+04  6.09723E+02  5.30907E-02  242.820  5.89707E-08  5.14723E-10  8.89219E-10
  66  2.02565E+04  6.29357E+02  4.86812E-02  243.470  5.56651E-08  5.04792E-10  9.15060E-10
  67  2.08960E+04  6.49699E+02  4.45233E-02  243.971  5.24493E-08  4.80972E-10  9.33020E-10
  68  2.15557E+04  6.69611E+02  4.06103E-02  243.895  4.93215E-08  4.14485E-10  9.37411E-10
  69  2.22358E+04  6.90682E+02  3.69352E-02  243.813  4.62849E-08  3.52144E-10  9.34263E-10
  70  2.29384E+04  7.14437E+02  3.34907E-02  244.201  4.33423E-08  3.24973E-10  9.01704E-10
  71  2.36656E+04  7.40074E+02  3.02696E-02  244.725  4.04925E-08  3.06414E-10  8.62075E-10
  72  2.44194E+04  7.67418E+02  2.72647E-02  245.266  3.77367E-08  2.88267E-10  8.22346E-10
  73  2.52014E+04  7.96641E+02  2.44685E-02  245.823  3.50765E-08  2.70549E-10  7.80975E-10
  74  2.60137E+04  8.27914E+02  2.18736E-02  246.380  3.25139E-08  2.53286E-10  7.30495E-10
  75  2.68584E+04  8.61477E+02  1.94725E-02  246.954  3.00481E-08  2.36476E-10  6.79894E-10
  76  2.77379E+04  8.97615E+02  1.72575E-02  247.551  2.76803E-08  2.20082E-10  6.30900E-10
  77  2.86554E+04  9.37297E+02  1.52211E-02  248.340  2.54119E-08  1.96662E-10  5.82315E-10
  78  2.96144E+04  9.80785E+02  1.33555E-02  249.290  2.32428E-08  1.69455E-10  5.34693E-10
  79  3.06189E+04  1.02813E+03  1.16530E-02  250.285  2.11743E-08  1.44521E-10  4.89062E-10
  80  3.16742E+04  1.08248E+03  1.01058E-02  251.943  1.92053E-08  1.29101E-10  4.41237E-10
  81  3.27877E+04  1.14445E+03  8.70622E-03  254.183  1.73384E-08  1.20088E-10  3.93038E-10
  82  3.39660E+04  1.21215E+03  7.44631E-03  256.382  1.55721E-08  1.12151E-10  3.46761E-10
  83  3.52121E+04  1.28011E+03  6.31828E-03  257.267  1.39067E-08  1.12341E-10  2.93336E-10
  84  3.65289E+04  1.35349E+03  5.31441E-03  257.830  1.23407E-08  1.12875E-10  2.42676E-10
  85  3.79192E+04  1.42725E+03  4.42684E-03  256.958  1.08783E-08  1.05656E-10  1.97562E-10
  86  3.93839E+04  1.50198E+03  3.64782E-03  254.815  9.51285E-09  9.36528E-11  1.57653E-10
  87  4.09262E+04  1.58274E+03  2.96971E-03  252.132  8.24834E-09  8.23660E-11  1.25011E-10
  88  4.25526E+04  1.67001E+03  2.38479E-03  248.820  7.08224E-09  7.17068E-11  9.89404E-11
  89  4.42735E+04  1.77182E+03  1.88548E-03  245.757  6.01468E-09  5.81260E-11  8.24623E-11
  90  4.61045E+04  1.89012E+03  1.46427E-03  242.826  5.04310E-09  4.39463E-11  7.07772E-11
  91  4.80637E+04  2.02823E+03  1.11385E-03  240.005  4.16502E-09  3.03717E-11  5.92505E-11
  92  5.01838E+04  2.21197E+03  8.26914E-04  239.142  3.38314E-09  2.18287E-11  4.09145E-11
  93  5.25125E+04  2.44561E+03  5.96366E-04  239.846  2.68981E-09  1.66349E-11  2.14169E-11
  94  5.50879E+04  2.70507E+03  4.15277E-04  238.118  2.08769E-09  1.41436E-11  1.13181E-11
  95  5.79431E+04  3.00531E+03  2.76896E-04  234.572  1.57039E-09  1.25913E-11  6.05388E-12
  96  6.11265E+04  3.36146E+03  1.74804E-04  229.161  1.13542E-09  1.10054E-11  3.57105E-12
  97  6.47207E+04  3.82704E+03  1.02713E-04  222.786  7.81624E-10  7.03257E-12  2.19385E-12
  98  6.88572E+04  4.44591E+03  5.47147E-05  215.139  5.01337E-10  4.36868E-12  1.06446E-12
  99  7.37226E+04  5.28495E+03  2.53192E-05  204.369  2.90667E-10  3.20387E-12  4.18080E-13
 100  7.97291E+04  6.72809E+03  9.36807E-06  193.171  1.43512E-10  1.54295E-12  1.72476E-13
