! Profile created using TESTLAY
! lat= 61.270, lon=  0.000, 1100mb alt(m)=-6.89000E+02
! input=myp24                                                                 
! Input altitudes: not supplied; calculated instead                     
! Input mixing ratios treated as relative to: dry air                   
! H2O saturation: checked & corrected if needed                         
! no altitude(m)  thickness(m) pressure(atm) temp(K) "fixed" amnt  water amnt   ozone amnt
! -- ------------ ------------ ------------ -------- ------------ ------------ ------------
regression profile 24                   
   1 -5.85968E+02  2.06064E+02  1.07120E+00  263.011  3.70524E-07  2.03874E-06  3.80763E-11
   2 -3.78806E+02  2.08261E+02  1.04269E+00  262.323  3.65498E-07  1.92211E-06  3.94072E-11
   3 -1.69431E+02  2.10489E+02  1.01458E+00  261.626  3.60436E-07  1.80660E-06  4.07071E-11
   4  4.21864E+01  2.12746E+02  9.86866E-01  260.920  3.55339E-07  1.69226E-06  4.19751E-11
   5  2.56077E+02  2.15035E+02  9.59551E-01  260.204  3.50215E-07  1.57919E-06  4.32109E-11
   6  4.72713E+02  2.18237E+02  9.32636E-01  260.507  3.45015E-07  1.65980E-06  4.40541E-11
   7  6.93302E+02  2.22941E+02  9.06124E-01  262.469  3.39722E-07  2.04394E-06  4.43002E-11
   8  9.18524E+02  2.27502E+02  8.80018E-01  264.134  3.34385E-07  2.50641E-06  4.46730E-11
   9  1.14809E+03  2.31632E+02  8.54320E-01  265.169  3.28993E-07  3.10971E-06  4.53094E-11
  10  1.38190E+03  2.35975E+02  8.29031E-01  266.332  3.23577E-07  3.72655E-06  4.59239E-11
  11  1.62021E+03  2.40647E+02  8.04152E-01  267.744  3.18135E-07  4.36908E-06  4.65071E-11
  12  1.86269E+03  2.44331E+02  7.79685E-01  268.020  3.12790E-07  4.50491E-06  4.69671E-11
  13  2.10809E+03  2.46470E+02  7.55633E-01  266.615  3.07586E-07  3.93364E-06  4.72635E-11
  14  2.35564E+03  2.48619E+02  7.31995E-01  265.176  3.02372E-07  3.36691E-06  4.75342E-11
  15  2.60531E+03  2.50713E+02  7.08772E-01  263.641  2.97128E-07  2.85779E-06  4.79035E-11
  16  2.85700E+03  2.52672E+02  6.85965E-01  261.915  2.91851E-07  2.46022E-06  4.85142E-11
  17  3.11065E+03  2.54634E+02  6.63575E-01  260.159  2.86561E-07  2.07409E-06  4.90996E-11
  18  3.36626E+03  2.56590E+02  6.41602E-01  258.359  2.81263E-07  1.71241E-06  4.96137E-11
  19  3.62379E+03  2.58468E+02  6.20048E-01  256.445  2.75935E-07  1.44077E-06  4.99102E-11
  20  3.88320E+03  2.60342E+02  5.98911E-01  254.489  2.70605E-07  1.18662E-06  5.01508E-11
  21  4.14453E+03  2.62320E+02  5.78193E-01  252.604  2.65267E-07  9.57514E-07  5.03836E-11
  22  4.40824E+03  2.65098E+02  5.57892E-01  251.426  2.59898E-07  8.73747E-07  5.07517E-11
  23  4.67483E+03  2.68081E+02  5.38010E-01  250.383  2.54524E-07  8.20215E-07  5.11175E-11
  24  4.94440E+03  2.71075E+02  5.18545E-01  249.288  2.49160E-07  7.65482E-07  5.16405E-11
  25  5.21687E+03  2.73852E+02  4.99496E-01  247.939  2.43803E-07  6.97688E-07  5.33656E-11
  26  5.49210E+03  2.76615E+02  4.80864E-01  246.525  2.38457E-07  6.28839E-07  5.52375E-11
  27  5.77003E+03  2.79248E+02  4.62647E-01  244.945  2.33124E-07  5.55567E-07  5.69154E-11
  28  6.05034E+03  2.81363E+02  4.44844E-01  242.871  2.27809E-07  4.64994E-07  5.81693E-11
  29  6.33274E+03  2.83436E+02  4.27454E-01  240.727  2.22509E-07  3.75390E-07  5.93213E-11
  30  6.61723E+03  2.85551E+02  4.10475E-01  238.581  2.17225E-07  3.01914E-07  6.35633E-11
  31  6.90386E+03  2.87708E+02  3.93906E-01  236.438  2.11953E-07  2.45924E-07  7.12019E-11
  32  7.19266E+03  2.89879E+02  3.77746E-01  234.265  2.06708E-07  1.92970E-07  7.93304E-11
  33  7.48366E+03  2.92124E+02  3.61993E-01  232.117  2.01480E-07  1.55135E-07  9.50378E-11
  34  7.77691E+03  2.94393E+02  3.46643E-01  229.949  1.96279E-07  1.22059E-07  1.12232E-10
  35  8.07244E+03  2.96658E+02  3.31696E-01  227.743  1.91103E-07  9.44504E-08  1.30461E-10
  36  8.37023E+03  2.98925E+02  3.17149E-01  225.499  1.85958E-07  7.42547E-08  1.50478E-10
  37  8.67029E+03  3.01185E+02  3.03000E-01  223.212  1.80845E-07  5.62610E-08  1.68528E-10
  38  8.97259E+03  3.03421E+02  2.89245E-01  220.871  1.75763E-07  4.70168E-08  1.79468E-10
  39  9.27712E+03  3.05646E+02  2.75882E-01  218.487  1.70718E-07  3.94127E-08  1.88887E-10
  40  9.58388E+03  3.07878E+02  2.62908E-01  216.071  1.65712E-07  3.32330E-08  1.99132E-10
  41  9.89287E+03  3.10101E+02  2.50320E-01  213.617  1.60745E-07  2.77780E-08  2.09362E-10
  42  1.02042E+04  3.12481E+02  2.38115E-01  211.230  1.55824E-07  2.29563E-08  2.20020E-10
  43  1.05179E+04  3.15001E+02  2.26289E-01  208.899  1.50945E-07  1.86881E-08  2.30898E-10
  44  1.08342E+04  3.17519E+02  2.14838E-01  206.525  1.46115E-07  1.47131E-08  2.41888E-10
  45  1.11529E+04  3.20030E+02  2.03759E-01  204.107  1.41332E-07  1.10602E-08  2.53178E-10
  46  1.14749E+04  3.23899E+02  1.93048E-01  202.486  1.36602E-07  8.56615E-09  2.68571E-10
  47  1.18018E+04  3.29799E+02  1.82701E-01  202.042  1.31924E-07  7.56660E-09  2.89712E-10
  48  1.21346E+04  3.35906E+02  1.72713E-01  201.600  1.27301E-07  6.61680E-09  3.09488E-10
  49  1.24737E+04  3.42284E+02  1.63080E-01  201.183  1.22736E-07  5.70324E-09  3.28328E-10
  50  1.28207E+04  3.51805E+02  1.53798E-01  202.434  1.18228E-07  4.71656E-09  3.67432E-10
  51  1.31784E+04  3.63448E+02  1.44861E-01  204.674  1.13785E-07  3.71338E-09  4.15922E-10
  52  1.35479E+04  3.75649E+02  1.36266E-01  206.963  1.09403E-07  2.75892E-09  4.61113E-10
  53  1.39298E+04  3.88055E+02  1.28007E-01  209.096  1.05084E-07  1.97107E-09  5.01009E-10
  54  1.43237E+04  3.99864E+02  1.20078E-01  210.629  1.00837E-07  1.57950E-09  5.31751E-10
  55  1.47297E+04  4.12148E+02  1.12475E-01  212.150  9.66558E-08  1.23305E-09  5.59284E-10
  56  1.51482E+04  4.24865E+02  1.05192E-01  213.618  9.25471E-08  9.26644E-10  5.84945E-10
  57  1.55791E+04  4.36900E+02  9.82241E-02  214.481  8.85081E-08  7.85341E-10  6.13719E-10
  58  1.60222E+04  4.49263E+02  9.15648E-02  215.233  8.45454E-08  6.80385E-10  6.40526E-10
  59  1.64780E+04  4.62300E+02  8.52085E-02  216.034  8.06591E-08  5.93718E-10  6.64155E-10
  60  1.69474E+04  4.76451E+02  7.91492E-02  217.069  7.68481E-08  5.99941E-10  6.84620E-10
  61  1.74313E+04  4.91455E+02  7.33810E-02  218.174  7.31188E-08  6.21429E-10  7.01999E-10
  62  1.79307E+04  5.07350E+02  6.78974E-02  219.344  6.94699E-08  6.36603E-10  7.33697E-10
  63  1.84466E+04  5.24414E+02  6.26921E-02  220.663  6.59050E-08  6.39048E-10  8.15432E-10
  64  1.89800E+04  5.42451E+02  5.77588E-02  222.028  6.24211E-08  6.38361E-10  8.92340E-10
  65  1.95322E+04  5.61824E+02  5.30907E-02  223.528  5.90260E-08  5.84529E-10  9.12875E-10
  66  2.01044E+04  5.82555E+02  4.86812E-02  225.149  5.57165E-08  4.94939E-10  8.93257E-10
  67  2.06980E+04  6.04750E+02  4.45233E-02  226.871  5.24972E-08  4.16432E-10  8.74873E-10
  68  2.13148E+04  6.28877E+02  4.06103E-02  228.836  4.93660E-08  3.60439E-10  8.63490E-10
  69  2.19565E+04  6.54420E+02  3.69352E-02  230.794  4.63262E-08  3.11520E-10  8.47873E-10
  70  2.26233E+04  6.79285E+02  3.34907E-02  231.978  4.33804E-08  2.84219E-10  8.05873E-10
  71  2.33156E+04  7.05195E+02  3.02696E-02  232.985  4.05276E-08  2.62717E-10  7.58499E-10
  72  2.40346E+04  7.32891E+02  2.72647E-02  234.026  3.77691E-08  2.42127E-10  7.12287E-10
  73  2.47822E+04  7.62240E+02  2.44685E-02  235.009  3.51060E-08  2.22775E-10  6.66951E-10
  74  2.55592E+04  7.91789E+02  2.18736E-02  235.435  3.25410E-08  2.06183E-10  6.21040E-10
  75  2.63667E+04  8.23146E+02  1.94725E-02  235.774  3.00728E-08  1.90544E-10  5.76336E-10
  76  2.72067E+04  8.56895E+02  1.72575E-02  236.131  2.77028E-08  1.75573E-10  5.33221E-10
  77  2.80832E+04  8.96127E+02  1.52211E-02  237.234  2.54322E-08  1.67500E-10  4.92971E-10
  78  2.90017E+04  9.40865E+02  1.33555E-02  238.946  2.32611E-08  1.63629E-10  4.55059E-10
  79  2.99670E+04  9.89734E+02  1.16530E-02  240.740  2.11908E-08  1.59005E-10  4.18520E-10
  80  3.09868E+04  1.04987E+03  1.01058E-02  244.136  1.92200E-08  1.58875E-10  3.83347E-10
  81  3.20726E+04  1.12180E+03  8.70622E-03  248.932  1.73514E-08  1.61131E-10  3.49617E-10
  82  3.32343E+04  1.20150E+03  7.44631E-03  253.899  1.55837E-08  1.60155E-10  3.17474E-10
  83  3.44789E+04  1.28768E+03  6.31828E-03  258.539  1.39171E-08  1.47105E-10  2.87956E-10
  84  3.58144E+04  1.38342E+03  5.31441E-03  263.268  1.23501E-08  1.31988E-10  2.59860E-10
  85  3.72461E+04  1.47997E+03  4.42684E-03  266.192  1.08866E-08  1.13889E-10  2.19398E-10
  86  3.87755E+04  1.57875E+03  3.64782E-03  267.566  9.52037E-09  9.45560E-11  1.72962E-10
  87  4.04082E+04  1.68670E+03  2.96971E-03  268.411  8.25506E-09  7.95982E-11  1.33095E-10
  88  4.21539E+04  1.80469E+03  2.38479E-03  268.586  7.08829E-09  6.82636E-11  9.94238E-11
  89  4.40207E+04  1.92895E+03  1.88548E-03  267.294  6.02007E-09  5.42244E-11  7.45102E-11
  90  4.60170E+04  2.06364E+03  1.46427E-03  264.862  5.04787E-09  4.01733E-11  5.72056E-11
  91  4.81553E+04  2.21293E+03  1.11385E-03  261.608  4.16920E-09  2.85496E-11  5.06640E-11
  92  5.04570E+04  2.39056E+03  8.26914E-04  258.280  3.38673E-09  2.17286E-11  3.80590E-11
  93  5.29524E+04  2.60011E+03  5.96366E-04  254.832  2.69281E-09  1.77247E-11  2.31357E-11
  94  5.56714E+04  2.83792E+03  4.15277E-04  249.617  2.09011E-09  1.50628E-11  1.51270E-11
  95  5.86477E+04  3.11470E+03  2.76896E-04  242.914  1.57227E-09  1.22640E-11  1.00098E-11
  96  6.19274E+04  3.44470E+03  1.74804E-04  234.663  1.13682E-09  8.39104E-12  5.57609E-12
  97  6.55840E+04  3.86841E+03  1.02713E-04  225.077  7.82602E-10  6.39776E-12  2.86009E-12
  98  6.97290E+04  4.42179E+03  5.47147E-05  213.873  5.01967E-10  4.41463E-12  1.23038E-12
  99  7.45565E+04  5.23302E+03  2.53192E-05  202.119  2.91029E-10  2.02424E-12  4.01125E-13
 100  8.05017E+04  6.65748E+03  9.36807E-06  190.921  1.43688E-10  9.57459E-13  1.59001E-13
