! Profile created using TESTLAY
! lat= 31.550, lon=  0.000, 1100mb alt(m)=-6.89000E+02
! input=myp19                                                                 
! Input altitudes: not supplied; calculated instead                     
! Input mixing ratios treated as relative to: dry air                   
! H2O saturation: checked & corrected if needed                         
! no altitude(m)  thickness(m) pressure(atm) temp(K) "fixed" amnt  water amnt   ozone amnt
! -- ------------ ------------ ------------ -------- ------------ ------------ ------------
regression profile 19                   
   1 -5.70463E+02  2.37074E+02  1.07120E+00  299.815  3.67447E-07  1.99874E-05  1.78602E-11
   2 -3.32225E+02  2.39401E+02  1.04269E+00  298.852  3.62619E-07  1.89492E-05  1.85458E-11
   3 -9.16473E+01  2.41755E+02  1.01458E+00  297.877  3.57753E-07  1.79207E-05  1.92156E-11
   4  1.51297E+02  2.44135E+02  9.86866E-01  296.888  3.52851E-07  1.69025E-05  1.98690E-11
   5  3.96637E+02  2.46544E+02  9.59551E-01  295.886  3.47917E-07  1.58953E-05  2.05058E-11
   6  6.44311E+02  2.48805E+02  9.32636E-01  294.670  3.42957E-07  1.48686E-05  2.13000E-11
   7  8.94118E+02  2.50810E+02  9.06124E-01  293.112  3.37981E-07  1.38056E-05  2.23507E-11
   8  1.14592E+03  2.52788E+02  8.80018E-01  291.478  3.32946E-07  1.28786E-05  2.33788E-11
   9  1.39967E+03  2.54713E+02  8.54320E-01  289.724  3.27833E-07  1.21909E-05  2.43793E-11
  10  1.65543E+03  2.56808E+02  8.29031E-01  288.214  3.22865E-07  1.07715E-05  2.53686E-11
  11  1.91344E+03  2.59209E+02  8.04152E-01  287.172  3.18168E-07  8.05475E-06  2.63566E-11
  12  2.17396E+03  2.61845E+02  7.79685E-01  286.273  3.13316E-07  5.95372E-06  2.70839E-11
  13  2.43729E+03  2.64810E+02  7.55633E-01  285.573  3.08246E-07  4.73457E-06  2.74580E-11
  14  2.70361E+03  2.67830E+02  7.31995E-01  284.865  3.03159E-07  3.54621E-06  2.78105E-11
  15  2.97291E+03  2.70769E+02  7.08772E-01  283.979  2.97988E-07  2.65682E-06  2.81190E-11
  16  3.24503E+03  2.73474E+02  6.85965E-01  282.713  2.92671E-07  2.37989E-06  2.83562E-11
  17  3.51987E+03  2.76203E+02  6.63575E-01  281.414  2.87338E-07  2.12948E-06  2.85739E-11
  18  3.79747E+03  2.78992E+02  6.41602E-01  280.114  2.81993E-07  1.91570E-06  2.87734E-11
  19  4.07793E+03  2.81929E+02  6.20048E-01  278.891  2.76602E-07  1.86503E-06  2.89513E-11
  20  4.36136E+03  2.84931E+02  5.98911E-01  277.662  2.71209E-07  1.83715E-06  2.91112E-11
  21  4.64778E+03  2.87922E+02  5.78193E-01  276.366  2.65811E-07  1.81923E-06  2.92765E-11
  22  4.93703E+03  2.90579E+02  5.57892E-01  274.685  2.60396E-07  1.87455E-06  2.95949E-11
  23  5.22892E+03  2.93182E+02  5.38010E-01  272.902  2.54982E-07  1.94248E-06  2.99248E-11
  24  5.52340E+03  2.95798E+02  5.18545E-01  271.078  2.49571E-07  2.03668E-06  3.02577E-11
  25  5.82048E+03  2.98361E+02  4.99496E-01  269.131  2.44123E-07  2.31431E-06  3.07421E-11
  26  6.12013E+03  3.00928E+02  4.80864E-01  267.136  2.38681E-07  2.61690E-06  3.12280E-11
  27  6.42239E+03  3.03600E+02  4.62647E-01  265.208  2.33282E-07  2.77549E-06  3.17362E-11
  28  6.72749E+03  3.06585E+02  4.44844E-01  263.571  2.27995E-07  2.50275E-06  3.23833E-11
  29  7.03559E+03  3.09630E+02  4.27454E-01  261.932  2.22729E-07  2.20394E-06  3.30031E-11
  30  7.34671E+03  3.12605E+02  4.10475E-01  260.182  2.17487E-07  1.88671E-06  3.34785E-11
  31  7.66075E+03  3.15482E+02  3.93906E-01  258.304  2.12266E-07  1.54859E-06  3.37984E-11
  32  7.97768E+03  3.18373E+02  3.77746E-01  256.381  2.07068E-07  1.22277E-06  3.41632E-11
  33  8.29742E+03  3.21103E+02  3.61993E-01  254.277  2.01885E-07  9.30931E-07  3.53003E-11
  34  8.61987E+03  3.23800E+02  3.46643E-01  252.097  1.96726E-07  6.54812E-07  3.65861E-11
  35  8.94486E+03  3.26170E+02  3.31696E-01  249.616  1.91576E-07  4.49283E-07  3.77953E-11
  36  9.27196E+03  3.28034E+02  3.17149E-01  246.694  1.86438E-07  3.41315E-07  3.89288E-11
  37  9.60092E+03  3.29886E+02  3.03000E-01  243.739  1.81328E-07  2.46709E-07  4.01272E-11
  38  9.93181E+03  3.31892E+02  2.89245E-01  240.865  1.76241E-07  2.04309E-07  4.20301E-11
  39  1.02647E+04  3.33897E+02  2.75882E-01  237.960  1.71189E-07  1.71256E-07  4.39438E-11
  40  1.05996E+04  3.35900E+02  2.62908E-01  235.024  1.66176E-07  1.44406E-07  4.57391E-11
  41  1.09365E+04  3.37873E+02  2.50320E-01  232.044  1.61200E-07  1.20714E-07  4.74203E-11
  42  1.12755E+04  3.40079E+02  2.38115E-01  229.192  1.56267E-07  1.00709E-07  5.05896E-11
  43  1.16167E+04  3.42493E+02  2.26289E-01  226.448  1.51377E-07  8.38730E-08  5.49454E-11
  44  1.19604E+04  3.44879E+02  2.14838E-01  223.645  1.46537E-07  6.93053E-08  5.90492E-11
  45  1.23065E+04  3.47217E+02  2.03759E-01  220.778  1.41744E-07  5.73687E-08  6.28983E-11
  46  1.26552E+04  3.50229E+02  1.93048E-01  218.290  1.37002E-07  4.73935E-08  6.93360E-11
  47  1.30075E+04  3.54260E+02  1.82701E-01  216.377  1.32312E-07  3.98593E-08  7.93152E-11
  48  1.33638E+04  3.58357E+02  1.72713E-01  214.430  1.27677E-07  3.26573E-08  8.87310E-11
  49  1.37242E+04  3.62534E+02  1.63080E-01  212.448  1.23102E-07  2.58066E-08  9.76418E-11
  50  1.40891E+04  3.67165E+02  1.53798E-01  210.652  1.18581E-07  2.07834E-08  1.09961E-10
  51  1.44587E+04  3.72131E+02  1.44861E-01  208.948  1.14126E-07  1.68314E-08  1.23683E-10
  52  1.48334E+04  3.77200E+02  1.36266E-01  207.208  1.09732E-07  1.30679E-08  1.36462E-10
  53  1.52134E+04  3.82949E+02  1.28007E-01  205.733  1.05401E-07  9.87533E-09  1.49304E-10
  54  1.56003E+04  3.90679E+02  1.20078E-01  205.179  1.01140E-07  7.99910E-09  1.64184E-10
  55  1.59950E+04  3.98824E+02  1.12475E-01  204.682  9.69468E-08  6.29977E-09  1.78097E-10
  56  1.63981E+04  4.07416E+02  1.05192E-01  204.234  9.28259E-08  4.75430E-09  1.93396E-10
  57  1.68104E+04  4.17229E+02  9.82241E-02  204.212  8.87736E-08  3.72885E-09  2.25125E-10
  58  1.72329E+04  4.27672E+02  9.15648E-02  204.279  8.47990E-08  2.84629E-09  2.57825E-10
  59  1.76661E+04  4.38771E+02  8.52085E-02  204.430  8.09000E-08  2.05283E-09  2.90613E-10
  60  1.81114E+04  4.51715E+02  7.91492E-02  205.185  7.70781E-08  1.56347E-09  3.39886E-10
  61  1.85700E+04  4.65602E+02  7.33810E-02  206.082  7.33370E-08  1.15405E-09  3.88644E-10
  62  1.90431E+04  4.80541E+02  6.78974E-02  207.136  6.96766E-08  8.12425E-10  4.32879E-10
  63  1.95320E+04  4.97355E+02  6.26921E-02  208.657  6.61004E-08  6.22901E-10  4.72658E-10
  64  2.00383E+04  5.15211E+02  5.77588E-02  210.254  6.26060E-08  4.56425E-10  5.08007E-10
  65  2.05629E+04  5.33914E+02  5.30907E-02  211.799  5.92002E-08  3.86257E-10  5.39041E-10
  66  2.11066E+04  5.53555E+02  4.86812E-02  213.313  5.58807E-08  3.83593E-10  5.65799E-10
  67  2.16705E+04  5.74268E+02  4.45233E-02  214.809  5.26512E-08  3.90303E-10  5.87076E-10
  68  2.22555E+04  5.95693E+02  4.06103E-02  216.132  4.95106E-08  4.29522E-10  6.00043E-10
  69  2.28626E+04  6.18504E+02  3.69352E-02  217.495  4.64610E-08  4.61750E-10  6.04892E-10
  70  2.34936E+04  6.43383E+02  3.34907E-02  219.075  4.35063E-08  4.46056E-10  5.67485E-10
  71  2.41503E+04  6.70117E+02  3.02696E-02  220.752  4.06446E-08  4.19535E-10  5.21701E-10
  72  2.48348E+04  6.98775E+02  2.72647E-02  222.485  3.78777E-08  3.93691E-10  4.78038E-10
  73  2.55488E+04  7.29344E+02  2.44685E-02  224.216  3.52066E-08  3.64954E-10  4.36814E-10
  74  2.62940E+04  7.60947E+02  2.18736E-02  225.610  3.26340E-08  3.16637E-10  3.99556E-10
  75  2.70718E+04  7.94766E+02  1.94725E-02  226.987  3.01586E-08  2.68538E-10  3.64433E-10
  76  2.78848E+04  8.31295E+02  1.72575E-02  228.417  2.77815E-08  2.24372E-10  3.31100E-10
  77  2.87361E+04  8.71197E+02  1.52211E-02  229.982  2.55044E-08  1.89076E-10  2.99567E-10
  78  2.96291E+04  9.14795E+02  1.33555E-02  231.671  2.33268E-08  1.60383E-10  2.69807E-10
  79  3.05677E+04  9.62398E+02  1.16530E-02  233.434  2.12505E-08  1.34257E-10  2.41830E-10
  80  3.15567E+04  1.01573E+03  1.01058E-02  235.561  1.92740E-08  1.22138E-10  2.17695E-10
  81  3.26024E+04  1.07550E+03  8.70622E-03  238.020  1.73999E-08  1.19138E-10  1.96528E-10
  82  3.37110E+04  1.14168E+03  7.44631E-03  240.613  1.56270E-08  1.16051E-10  1.76642E-10
  83  3.48897E+04  1.21591E+03  6.31828E-03  243.480  1.39554E-08  1.17999E-10  1.59043E-10
  84  3.61472E+04  1.29894E+03  5.31441E-03  246.537  1.23839E-08  1.19421E-10  1.42607E-10
  85  3.74939E+04  1.39452E+03  4.42684E-03  250.104  1.09161E-08  1.13579E-10  1.27073E-10
  86  3.89431E+04  1.50397E+03  3.64782E-03  254.164  9.54590E-09  1.03113E-10  1.12386E-10
  87  4.05081E+04  1.62591E+03  2.96971E-03  257.993  8.27704E-09  8.89373E-11  9.69129E-11
  88  4.22021E+04  1.76217E+03  2.38479E-03  261.503  7.10703E-09  7.21183E-11  8.10762E-11
  89  4.40381E+04  1.90973E+03  1.88548E-03  263.857  6.03594E-09  5.85839E-11  6.68977E-11
  90  4.60299E+04  2.07384E+03  1.46427E-03  265.382  5.06119E-09  4.72257E-11  5.43249E-11
  91  4.81965E+04  2.25954E+03  1.11385E-03  266.309  4.18023E-09  3.67568E-11  4.32847E-11
  92  5.05592E+04  2.46572E+03  8.26914E-04  265.654  3.39576E-09  2.76466E-11  3.00118E-11
  93  5.31407E+04  2.69734E+03  5.96366E-04  263.609  2.70005E-09  2.00321E-11  1.70286E-11
  94  5.59681E+04  2.95755E+03  4.15277E-04  259.399  2.09580E-09  1.55102E-11  8.62857E-12
  95  5.90770E+04  3.26015E+03  2.76896E-04  253.516  1.57662E-09  1.27865E-11  3.74861E-12
  96  6.25186E+04  3.62303E+03  1.74804E-04  246.065  1.14002E-09  1.13335E-11  2.23013E-12
  97  6.63767E+04  4.09323E+03  1.02713E-04  237.398  7.84852E-10  7.40245E-12  1.24002E-12
  98  7.07800E+04  4.71337E+03  5.47147E-05  227.211  5.03453E-10  4.13213E-12  6.09197E-13
  99  7.59388E+04  5.60429E+03  2.53192E-05  215.739  2.91920E-10  2.77880E-12  2.80257E-13
 100  8.23198E+04  7.15762E+03  9.36807E-06  204.541  1.44146E-10  1.56732E-12  1.13299E-13
