! Profile created using TESTLAY
! lat=-67.400, lon=  0.000, 1100mb alt(m)=-6.89000E+02
! input=myp34                                                                 
! Input altitudes: not supplied; calculated instead                     
! Input mixing ratios treated as relative to: dry air                   
! H2O saturation: checked & corrected if needed                         
! no altitude(m)  thickness(m) pressure(atm) temp(K) "fixed" amnt  water amnt   ozone amnt
! -- ------------ ------------ ------------ -------- ------------ ------------ ------------
regression profile 34                   
   1 -5.90258E+02  1.97483E+02  1.07120E+00  252.298  3.70672E-07  6.54871E-07  5.05260E-11
   2 -3.91399E+02  2.00234E+02  1.04269E+00  252.435  3.65604E-07  7.30803E-07  5.12196E-11
   3 -1.89762E+02  2.03040E+02  1.01458E+00  252.575  3.60501E-07  8.05433E-07  5.18881E-11
   4  1.47079E+01  2.05901E+02  9.86866E-01  252.716  3.55363E-07  8.78710E-07  5.25309E-11
   5  2.22069E+02  2.08821E+02  9.59551E-01  252.859  3.50198E-07  9.50602E-07  5.31482E-11
   6  4.32354E+02  2.11750E+02  9.32636E-01  252.949  3.45010E-07  9.85553E-07  5.35624E-11
   7  6.45559E+02  2.14660E+02  9.06124E-01  252.950  3.39811E-07  9.63298E-07  5.36734E-11
   8  8.61701E+02  2.17625E+02  8.80018E-01  252.950  3.34591E-07  9.14409E-07  5.40759E-11
   9  1.08084E+03  2.20644E+02  8.54320E-01  252.950  3.29358E-07  8.18274E-07  5.50369E-11
  10  1.30322E+03  2.24117E+02  8.29031E-01  253.383  3.24094E-07  7.65845E-07  5.56513E-11
  11  1.52946E+03  2.28376E+02  8.04152E-01  254.603  3.18793E-07  7.91174E-07  5.56595E-11
  12  1.75979E+03  2.32279E+02  7.79685E-01  255.331  3.13480E-07  7.90509E-07  5.70377E-11
  13  1.99372E+03  2.35573E+02  7.55633E-01  255.306  3.08158E-07  7.51251E-07  6.03634E-11
  14  2.23097E+03  2.38936E+02  7.31995E-01  255.273  3.02825E-07  7.12186E-07  6.36148E-11
  15  2.47143E+03  2.41987E+02  7.08772E-01  254.844  2.97479E-07  6.63852E-07  6.65919E-11
  16  2.71455E+03  2.44255E+02  6.85965E-01  253.535  2.92129E-07  5.95117E-07  6.90885E-11
  17  2.95994E+03  2.46517E+02  6.63575E-01  252.174  2.86770E-07  5.26875E-07  7.14857E-11
  18  3.20757E+03  2.48747E+02  6.41602E-01  250.737  2.81407E-07  4.61293E-07  7.37975E-11
  19  3.45730E+03  2.50706E+02  6.20048E-01  248.994  2.76033E-07  4.03725E-07  7.60209E-11
  20  3.70897E+03  2.52636E+02  5.98911E-01  247.184  2.70660E-07  3.48295E-07  7.81562E-11
  21  3.96257E+03  2.54577E+02  5.78193E-01  245.354  2.65285E-07  2.95616E-07  8.00762E-11
  22  4.21815E+03  2.56583E+02  5.57892E-01  243.554  2.59907E-07  2.55423E-07  8.10092E-11
  23  4.47575E+03  2.58607E+02  5.38010E-01  241.737  2.54532E-07  2.18441E-07  8.16926E-11
  24  4.73537E+03  2.60637E+02  5.18545E-01  239.890  2.49164E-07  1.83364E-07  8.31390E-11
  25  4.99702E+03  2.62656E+02  4.99496E-01  237.999  2.43800E-07  1.55812E-07  8.98037E-11
  26  5.26068E+03  2.64677E+02  4.80864E-01  236.076  2.38448E-07  1.30153E-07  9.71917E-11
  27  5.52639E+03  2.66730E+02  4.62647E-01  234.147  2.33105E-07  1.07035E-07  1.05337E-10
  28  5.79419E+03  2.68884E+02  4.44844E-01  232.272  2.27775E-07  9.05120E-08  1.16443E-10
  29  6.06416E+03  2.71053E+02  4.27454E-01  230.373  2.22459E-07  7.48912E-08  1.27390E-10
  30  6.33636E+03  2.73342E+02  4.10475E-01  228.535  2.17164E-07  6.21151E-08  1.41079E-10
  31  6.61091E+03  2.75767E+02  3.93906E-01  226.772  2.11884E-07  5.24239E-08  1.57810E-10
  32  6.88792E+03  2.78234E+02  3.77746E-01  224.996  2.06631E-07  4.32601E-08  1.73582E-10
  33  7.16750E+03  2.80933E+02  3.61993E-01  223.362  2.01397E-07  3.67970E-08  1.85466E-10
  34  7.44983E+03  2.83723E+02  3.46643E-01  221.747  1.96193E-07  3.11714E-08  1.95949E-10
  35  7.73499E+03  2.86603E+02  3.31696E-01  220.154  1.91014E-07  2.63404E-08  2.07632E-10
  36  8.02310E+03  2.89621E+02  3.17149E-01  218.606  1.85867E-07  2.25796E-08  2.21274E-10
  37  8.31429E+03  2.92764E+02  3.03000E-01  217.094  1.80753E-07  1.90524E-08  2.35372E-10
  38  8.60890E+03  2.96442E+02  2.89245E-01  215.912  1.75673E-07  1.62258E-08  2.55003E-10
  39  8.90726E+03  3.00282E+02  2.75882E-01  214.771  1.70629E-07  1.36024E-08  2.74564E-10
  40  9.20961E+03  3.04419E+02  2.62908E-01  213.762  1.65624E-07  1.14709E-08  2.91694E-10
  41  9.51619E+03  3.08751E+02  2.50320E-01  212.803  1.60659E-07  9.59002E-09  3.07238E-10
  42  9.82743E+03  3.13712E+02  2.38115E-01  212.175  1.55740E-07  8.00038E-09  3.23955E-10
  43  1.01439E+04  3.19269E+02  2.26289E-01  211.842  1.50863E-07  6.66077E-09  3.41430E-10
  44  1.04661E+04  3.25036E+02  2.14838E-01  211.525  1.46036E-07  5.50275E-09  3.57761E-10
  45  1.07941E+04  3.31026E+02  2.03759E-01  211.228  1.41256E-07  4.55542E-09  3.72935E-10
  46  1.11283E+04  3.37296E+02  1.93048E-01  210.977  1.36527E-07  3.76364E-09  4.07882E-10
  47  1.14689E+04  3.43896E+02  1.82701E-01  210.794  1.31852E-07  3.16552E-09  4.69629E-10
  48  1.18162E+04  3.50724E+02  1.72713E-01  210.607  1.27232E-07  2.59375E-09  5.27951E-10
  49  1.21704E+04  3.57800E+02  1.63080E-01  210.416  1.22671E-07  2.05017E-09  5.82499E-10
  50  1.25319E+04  3.65090E+02  1.53798E-01  210.204  1.18166E-07  1.66536E-09  6.27657E-10
  51  1.29007E+04  3.72644E+02  1.44861E-01  209.976  1.13725E-07  1.37239E-09  6.66338E-10
  52  1.32773E+04  3.80472E+02  1.36266E-01  209.744  1.09346E-07  1.09319E-09  7.01852E-10
  53  1.36618E+04  3.88608E+02  1.28007E-01  209.514  1.05030E-07  8.73648E-10  7.36226E-10
  54  1.40547E+04  3.97112E+02  1.20078E-01  209.300  1.00784E-07  8.03183E-10  7.73409E-10
  55  1.44562E+04  4.05956E+02  1.12475E-01  209.083  9.66048E-08  7.45103E-10  8.07415E-10
  56  1.48667E+04  4.15038E+02  1.05192E-01  208.797  9.24982E-08  6.92560E-10  8.36984E-10
  57  1.52860E+04  4.23536E+02  9.82241E-02  208.041  8.84606E-08  6.65529E-10  8.57083E-10
  58  1.57139E+04  4.32183E+02  9.15648E-02  207.172  8.44997E-08  6.43481E-10  8.72961E-10
  59  1.61505E+04  4.41119E+02  8.52085E-02  206.260  8.06149E-08  6.25487E-10  8.85871E-10
  60  1.65961E+04  4.50068E+02  7.91492E-02  205.174  7.68061E-08  6.34861E-10  8.95833E-10
  61  1.70508E+04  4.59309E+02  7.33810E-02  204.030  7.30785E-08  6.47400E-10  9.02930E-10
  62  1.75149E+04  4.68961E+02  6.78974E-02  202.878  6.94304E-08  6.58933E-10  9.10332E-10
  63  1.79890E+04  4.79197E+02  6.26921E-02  201.771  6.58662E-08  6.72771E-10  9.24607E-10
  64  1.84736E+04  4.89863E+02  5.77588E-02  200.641  6.23834E-08  6.83680E-10  9.35886E-10
  65  1.89692E+04  5.01385E+02  5.30907E-02  199.620  5.89899E-08  6.47748E-10  9.50805E-10
  66  1.94767E+04  5.13707E+02  4.86812E-02  198.682  5.56815E-08  5.79875E-10  9.66878E-10
  67  1.99970E+04  5.26758E+02  4.45233E-02  197.760  5.24629E-08  5.09246E-10  9.79616E-10
  68  2.05308E+04  5.40854E+02  4.06103E-02  196.962  4.93318E-08  4.21398E-10  9.91945E-10
  69  2.10791E+04  5.55889E+02  3.69352E-02  196.201  4.62931E-08  3.42496E-10  9.96940E-10
  70  2.16437E+04  5.73205E+02  3.34907E-02  195.906  4.33480E-08  3.10482E-10  9.71900E-10
  71  2.22263E+04  5.91936E+02  3.02696E-02  195.727  4.04960E-08  2.90055E-10  9.38850E-10
  72  2.28281E+04  6.11842E+02  2.72647E-02  195.542  3.77382E-08  2.70302E-10  9.04679E-10
  73  2.34509E+04  6.33760E+02  2.44685E-02  195.563  3.50760E-08  2.51884E-10  8.69174E-10
  74  2.40986E+04  6.61660E+02  2.18736E-02  196.906  3.25119E-08  2.37847E-10  8.30973E-10
  75  2.47757E+04  6.92512E+02  1.94725E-02  198.529  3.00446E-08  2.24595E-10  7.91903E-10
  76  2.54849E+04  7.25904E+02  1.72575E-02  200.216  2.76757E-08  2.11513E-10  7.52319E-10
  77  2.62295E+04  7.63197E+02  1.52211E-02  202.240  2.54064E-08  2.03595E-10  6.99900E-10
  78  2.70134E+04  8.04625E+02  1.33555E-02  204.554  2.32364E-08  1.98707E-10  6.40120E-10
  79  2.78407E+04  8.50027E+02  1.16530E-02  206.976  2.11674E-08  1.92903E-10  5.83047E-10
  80  2.87190E+04  9.06588E+02  1.01058E-02  211.045  1.91978E-08  1.88302E-10  5.16135E-10
  81  2.96597E+04  9.74822E+02  8.70622E-03  216.559  1.73306E-08  1.84133E-10  4.44718E-10
  82  3.06726E+04  1.05095E+03  7.44631E-03  222.337  1.55644E-08  1.76081E-10  3.80783E-10
  83  3.17662E+04  1.13612E+03  6.31828E-03  228.376  1.38991E-08  1.45262E-10  3.34120E-10
  84  3.29502E+04  1.23193E+03  5.31441E-03  234.721  1.23336E-08  1.12778E-10  2.93587E-10
  85  3.42329E+04  1.33347E+03  4.42684E-03  240.123  1.08716E-08  8.90050E-11  2.62169E-10
  86  3.56209E+04  1.44248E+03  3.64782E-03  244.765  9.50673E-09  7.15393E-11  2.36806E-10
  87  3.71236E+04  1.56295E+03  2.96971E-03  249.022  8.24297E-09  6.52547E-11  2.01004E-10
  88  3.87532E+04  1.69627E+03  2.38479E-03  252.763  7.07764E-09  6.75217E-11  1.57524E-10
  89  4.05198E+04  1.83697E+03  1.88548E-03  254.876  6.01082E-09  5.80886E-11  1.12628E-10
  90  4.24336E+04  1.99055E+03  1.46427E-03  255.810  5.04000E-09  4.49389E-11  7.43355E-11
  91  4.45101E+04  2.16247E+03  1.11385E-03  255.966  4.16262E-09  3.67164E-11  5.64214E-11
  92  4.67705E+04  2.35832E+03  8.26914E-04  255.158  3.38135E-09  3.25029E-11  3.95920E-11
  93  4.92410E+04  2.58269E+03  5.96366E-04  253.485  2.68850E-09  2.97270E-11  2.38744E-11
  94  5.19445E+04  2.82429E+03  4.15277E-04  248.821  2.08675E-09  2.31508E-11  1.34422E-11
  95  5.49056E+04  3.09804E+03  2.76896E-04  242.011  1.56974E-09  1.63786E-11  6.77652E-12
  96  5.81660E+04  3.42277E+03  1.74804E-04  233.557  1.13498E-09  1.13168E-11  3.39909E-12
  97  6.17969E+04  3.83889E+03  1.02713E-04  223.737  7.81334E-10  7.39951E-12  1.92627E-12
  98  6.59068E+04  4.38107E+03  5.47147E-05  212.267  5.01149E-10  4.07840E-12  1.04689E-12
  99  7.06878E+04  5.18080E+03  2.53192E-05  200.439  2.90550E-10  2.11140E-12  4.93633E-13
 100  7.65720E+04  6.58763E+03  9.36807E-06  189.241  1.43449E-10  1.03760E-12  2.29615E-13
