! Profile created using TESTLAY
! lat= 15.000, lon=  0.000, 1100mb alt(m)=-6.89000E+02
! input=myp1                                                                  
! Input altitudes: not supplied; calculated instead                     
! Input mixing ratios treated as relative to: dry air                   
! H2O saturation: checked & corrected if needed                         
! no altitude(m)  thickness(m) pressure(atm) temp(K) "fixed" amnt  water amnt   ozone amnt
! -- ------------ ------------ ------------ -------- ------------ ------------ ------------
regression profile 1                    
   1 -5.68458E+02  2.41085E+02  1.07120E+00  303.340  3.65378E-07  3.09556E-05  2.71439E-11
   2 -3.26406E+02  2.43019E+02  1.04269E+00  301.918  3.60762E-07  2.89560E-05  2.74713E-11
   3 -8.24156E+01  2.44963E+02  1.01458E+00  300.478  3.56105E-07  2.69784E-05  2.77851E-11
   4  1.63524E+02  2.46917E+02  9.86866E-01  299.018  3.51409E-07  2.50239E-05  2.80849E-11
   5  4.11424E+02  2.48883E+02  9.59551E-01  297.539  3.46678E-07  2.30937E-05  2.83708E-11
   6  6.61293E+02  2.50857E+02  9.32636E-01  296.039  3.41911E-07  2.11887E-05  2.86422E-11
   7  9.13144E+02  2.52844E+02  9.06124E-01  294.519  3.37113E-07  1.93101E-05  2.88993E-11
   8  1.16701E+03  2.54881E+02  8.80018E-01  292.992  3.32221E-07  1.77270E-05  2.90369E-11
   9  1.42293E+03  2.56972E+02  8.54320E-01  291.459  3.27232E-07  1.64676E-05  2.90444E-11
  10  1.68096E+03  2.59080E+02  8.29031E-01  289.905  3.22218E-07  1.52269E-05  2.90408E-11
  11  1.94110E+03  2.61202E+02  8.04152E-01  288.332  3.17179E-07  1.40009E-05  2.90259E-11
  12  2.20350E+03  2.63603E+02  7.79685E-01  287.068  3.12196E-07  1.24543E-05  2.89643E-11
  13  2.46841E+03  2.66208E+02  7.55633E-01  286.010  3.07239E-07  1.07077E-05  2.88678E-11
  14  2.73594E+03  2.68851E+02  7.31995E-01  284.938  3.02265E-07  8.99433E-06  2.87617E-11
  15  3.00610E+03  2.71483E+02  7.08772E-01  283.804  2.97257E-07  7.35597E-06  2.86285E-11
  16  3.27870E+03  2.73712E+02  6.85965E-01  282.146  2.92134E-07  6.19216E-06  2.83061E-11
  17  3.55347E+03  2.75831E+02  6.63575E-01  280.321  2.86968E-07  5.17421E-06  2.79284E-11
  18  3.83037E+03  2.77962E+02  6.41602E-01  278.469  2.81794E-07  4.17780E-06  2.75471E-11
  19  4.10941E+03  2.80128E+02  6.20048E-01  276.600  2.76567E-07  3.37539E-06  2.72380E-11
  20  4.39068E+03  2.82401E+02  5.98911E-01  274.729  2.71233E-07  3.05338E-06  2.71299E-11
  21  4.67422E+03  2.84688E+02  5.78193E-01  272.832  2.65890E-07  2.76432E-06  2.70228E-11
  22  4.96006E+03  2.86987E+02  5.57892E-01  270.906  2.60546E-07  2.48073E-06  2.69049E-11
  23  5.24822E+03  2.89329E+02  5.38010E-01  268.985  2.55208E-07  2.18742E-06  2.67905E-11
  24  5.53873E+03  2.91701E+02  5.18545E-01  267.052  2.49878E-07  1.89293E-06  2.66723E-11
  25  5.83163E+03  2.94083E+02  4.99496E-01  265.088  2.44551E-07  1.60546E-06  2.65420E-11
  26  6.12692E+03  2.96502E+02  4.80864E-01  263.111  2.39229E-07  1.35039E-06  2.64041E-11
  27  6.42467E+03  2.98996E+02  4.62647E-01  261.150  2.33902E-07  1.16161E-06  2.62636E-11
  28  6.72492E+03  3.01505E+02  4.44844E-01  259.158  2.28588E-07  9.80426E-07  2.61115E-11
  29  7.02769E+03  3.04031E+02  4.27454E-01  257.137  2.23287E-07  8.09576E-07  2.59485E-11
  30  7.33300E+03  3.06600E+02  4.10475E-01  255.100  2.17995E-07  6.85386E-07  2.57834E-11
  31  7.64089E+03  3.09184E+02  3.93906E-01  253.032  2.12717E-07  5.73614E-07  2.56075E-11
  32  7.95138E+03  3.11788E+02  3.77746E-01  250.932  2.07464E-07  4.65808E-07  2.54296E-11
  33  8.26451E+03  3.14475E+02  3.61993E-01  248.851  2.02228E-07  3.83072E-07  2.55456E-11
  34  8.58035E+03  3.17212E+02  3.46643E-01  246.760  1.97015E-07  3.13184E-07  2.57833E-11
  35  8.89894E+03  3.19962E+02  3.31696E-01  244.633  1.91830E-07  2.45535E-07  2.59921E-11
  36  9.22030E+03  3.22767E+02  3.17149E-01  242.496  1.86673E-07  1.91999E-07  2.62246E-11
  37  9.54450E+03  3.25622E+02  3.03000E-01  240.345  1.81545E-07  1.51079E-07  2.64739E-11
  38  9.87156E+03  3.28491E+02  2.89245E-01  238.156  1.76451E-07  1.11579E-07  2.66903E-11
  39  1.02015E+04  3.31382E+02  2.75882E-01  235.929  1.71393E-07  8.16458E-08  2.71641E-11
  40  1.05343E+04  3.34291E+02  2.62908E-01  233.662  1.66372E-07  6.14433E-08  2.79007E-11
  41  1.08701E+04  3.37209E+02  2.50320E-01  231.353  1.61390E-07  4.20223E-08  2.85799E-11
  42  1.12088E+04  3.40250E+02  2.38115E-01  229.075  1.56451E-07  2.85158E-08  2.93195E-11
  43  1.15507E+04  3.43438E+02  2.26289E-01  226.839  1.51555E-07  2.12850E-08  3.01278E-11
  44  1.18957E+04  3.46650E+02  2.14838E-01  224.560  1.46708E-07  1.43834E-08  3.08685E-11
  45  1.22440E+04  3.49967E+02  2.03759E-01  222.296  1.41906E-07  9.87762E-09  3.16893E-11
  46  1.25957E+04  3.53384E+02  1.93048E-01  220.031  1.37158E-07  7.06306E-09  3.25410E-11
  47  1.29508E+04  3.56821E+02  1.82701E-01  217.718  1.32463E-07  4.41169E-09  3.33049E-11
  48  1.33093E+04  3.60187E+02  1.72713E-01  215.302  1.27822E-07  3.15754E-09  3.37901E-11
  49  1.36711E+04  3.63526E+02  1.63080E-01  212.807  1.23240E-07  2.57927E-09  3.41094E-11
  50  1.40364E+04  3.66918E+02  1.53798E-01  210.292  1.18713E-07  2.05443E-09  3.44778E-11
  51  1.44051E+04  3.70648E+02  1.44861E-01  207.900  1.14252E-07  1.70355E-09  3.54066E-11
  52  1.47777E+04  3.74448E+02  1.36266E-01  205.483  1.09852E-07  1.39197E-09  3.63254E-11
  53  1.51541E+04  3.78303E+02  1.28007E-01  203.029  1.05516E-07  1.13707E-09  3.70509E-11
  54  1.55344E+04  3.82260E+02  1.20078E-01  200.556  1.01250E-07  9.84791E-10  3.74943E-11
  55  1.59186E+04  3.86262E+02  1.12475E-01  198.036  9.70516E-08  8.43541E-10  3.78867E-11
  56  1.63079E+04  3.92346E+02  1.05192E-01  196.476  9.29253E-08  7.61878E-10  4.34096E-11
  57  1.67041E+04  4.00016E+02  9.82241E-02  195.586  8.88686E-08  7.18715E-10  5.19711E-11
  58  1.71087E+04  4.09098E+02  9.15648E-02  195.198  8.48884E-08  6.75884E-10  6.26810E-11
  59  1.75245E+04  4.22637E+02  8.52085E-02  196.699  8.09852E-08  6.31103E-10  8.22542E-11
  60  1.79545E+04  4.37273E+02  7.91492E-02  198.414  7.71584E-08  5.87595E-10  1.01927E-10
  61  1.83995E+04  4.52705E+02  7.33810E-02  200.160  7.34136E-08  5.45584E-10  1.32865E-10
  62  1.88603E+04  4.68998E+02  6.78974E-02  201.947  6.97492E-08  5.05204E-10  1.65857E-10
  63  1.93380E+04  4.86395E+02  6.26921E-02  203.844  6.61691E-08  4.73939E-10  1.96631E-10
  64  1.98337E+04  5.04914E+02  5.77588E-02  205.837  6.26704E-08  4.48897E-10  2.24929E-10
  65  2.03484E+04  5.24627E+02  5.30907E-02  207.896  5.92612E-08  4.26904E-10  2.48093E-10
  66  2.08835E+04  5.45588E+02  4.86812E-02  210.023  5.59379E-08  4.07217E-10  2.67278E-10
  67  2.14403E+04  5.67896E+02  4.45233E-02  212.202  5.27050E-08  3.93156E-10  2.94921E-10
  68  2.20200E+04  5.91434E+02  4.06103E-02  214.364  4.95608E-08  3.81113E-10  3.27611E-10
  69  2.26231E+04  6.14768E+02  3.69352E-02  215.962  4.65082E-08  3.66014E-10  3.80216E-10
  70  2.32500E+04  6.39205E+02  3.34907E-02  217.433  4.35506E-08  3.55340E-10  4.29158E-10
  71  2.39022E+04  6.65098E+02  3.02696E-02  218.878  4.06860E-08  3.52989E-10  4.67800E-10
  72  2.45812E+04  6.92818E+02  2.72647E-02  220.365  3.79165E-08  3.37019E-10  5.10036E-10
  73  2.52889E+04  7.22639E+02  2.44685E-02  221.927  3.52425E-08  3.18833E-10  5.46057E-10
  74  2.60277E+04  7.54916E+02  2.18736E-02  223.591  3.26671E-08  3.04804E-10  5.70494E-10
  75  2.68000E+04  7.89734E+02  1.94725E-02  225.318  3.01891E-08  2.90660E-10  5.88777E-10
  76  2.76085E+04  8.27361E+02  1.72575E-02  227.103  2.78095E-08  2.76573E-10  5.97831E-10
  77  2.84562E+04  8.68035E+02  1.52211E-02  228.915  2.55299E-08  2.63360E-10  5.86712E-10
  78  2.93464E+04  9.12271E+02  1.33555E-02  230.797  2.33503E-08  2.50009E-10  5.70874E-10
  79  3.02829E+04  9.60693E+02  1.16530E-02  232.783  2.12718E-08  2.35889E-10  5.47081E-10
  80  3.12702E+04  1.01397E+03  1.01058E-02  234.921  1.92933E-08  2.20340E-10  5.08483E-10
  81  3.23135E+04  1.07270E+03  8.70622E-03  237.164  1.74174E-08  2.04895E-10  4.69459E-10
  82  3.34188E+04  1.13779E+03  7.44631E-03  239.554  1.56428E-08  1.89743E-10  4.22246E-10
  83  3.45927E+04  1.21013E+03  6.31828E-03  242.083  1.39695E-08  1.74852E-10  3.74265E-10
  84  3.58433E+04  1.29096E+03  5.31441E-03  244.784  1.23962E-08  1.60285E-10  3.21656E-10
  85  3.71799E+04  1.38223E+03  4.42684E-03  247.666  1.09270E-08  1.46106E-10  2.68903E-10
  86  3.86137E+04  1.48551E+03  3.64782E-03  250.809  9.55537E-09  1.32302E-10  2.17270E-10
  87  4.01583E+04  1.60355E+03  2.96971E-03  254.193  8.28519E-09  1.18941E-10  1.69391E-10
  88  4.18296E+04  1.73905E+03  2.38479E-03  257.813  7.11401E-09  1.06057E-10  1.24844E-10
  89  4.36473E+04  1.89636E+03  1.88548E-03  261.704  6.04184E-09  9.29654E-11  8.82473E-11
  90  4.56352E+04  2.07958E+03  1.46427E-03  265.797  5.06610E-09  8.01406E-11  5.98220E-11
  91  4.78188E+04  2.28755E+03  1.11385E-03  269.323  4.18432E-09  6.80145E-11  3.95166E-11
  92  5.02152E+04  2.50514E+03  8.26914E-04  269.631  3.39911E-09  5.60869E-11  2.61506E-11
  93  5.28324E+04  2.72936E+03  5.96366E-04  266.506  2.70275E-09  4.46739E-11  1.67996E-11
  94  5.56929E+04  2.99161E+03  4.15277E-04  262.131  2.09792E-09  3.46765E-11  9.98690E-12
  95  5.88347E+04  3.29208E+03  2.76896E-04  255.745  1.57823E-09  2.60703E-11  5.58110E-12
  96  6.22912E+04  3.62077E+03  1.74804E-04  245.833  1.14119E-09  1.80597E-11  2.85585E-12
  97  6.61093E+04  4.01555E+03  1.02713E-04  232.858  7.85654E-10  1.13112E-11  1.27233E-12
  98  7.03831E+04  4.53197E+03  5.47147E-05  218.516  5.03948E-10  6.16647E-12  4.43970E-13
  99  7.52736E+04  5.24902E+03  2.53192E-05  202.347  2.92125E-10  2.68581E-12  1.72899E-13
 100  8.11319E+04  6.46755E+03  9.36807E-06  185.120  1.44252E-10  8.30068E-13  1.39907E-13
