%% Bill Irion email April 3, 2025

0.0049999999
0.021500001
0.061000001
0.13699999
0.25909999
0.44580001
0.71399999
1.0726
1.5457
2.1526
2.8989999
3.8148
4.9204001
6.2172999
7.7409
9.5118999
11.527
13.8267
16.431801
19.333401
22.5769
26.182899
30.136299
34.487598
39.256599
44.421902
50.038601
56.125999
62.655499
69.687401
77.239601
85.276802
93.863701
103.0172
112.695
122.9662
133.84621
145.2858
157.35851
170.0784
183.38879
197.36771
212.02769
227.3051
243.2818
259.96909
277.29611
295.34879
314.1369
333.5824
353.77551
374.72409
396.34329
418.72711
441.8819
465.716
490.32709
515.71997
541.79633
568.65723
596.30621
624.63818
653.758
683.6673
692.61603
701.68188
710.8045
719.9743
729.26233
738.54437
747.93561
757.39209
766.88599
776.4989
786.11328
795.82819
805.61719
815.43359
825.36963
835.3147
845.35132
855.47101
865.60773
875.8645
886.13831
896.49408
906.94238
917.39679
927.97162
938.57159
949.24377
960.01788
970.7868
981.67657
992.59991
1003.5851
1014.682
1025.762
1036.963
1048.2863
1059.7
