! Created using laymakeprof.f on klayers mypref.op; except thickness from klayers_ftc
! lat= 45.540, lon=  0.000, 1100mb alt(m)=-6.89000E+02 m
! input=../Data/Pin/mypref (Jun 2019 version) with CO2=400 ppmv
! Input altitudes: calculated
! Input mixing ratios treated as relative to: wet air (ie not adjusted for water displacement)
! H2O saturation: checked & corrected if needed
! no altitude(m)  thickness(m) pressure(atm) temp(K) fixed=CO2     H2O        O3         CO         CH4        SO2       HNO3         N2O       NH3
! -- ------------ ------------ ------------  ------- ---------- ---------- ---------- ---------- ---------- ---------- ---------- -- -------- -----------
Reference Profile (write out of this is commented out in sarta)
1  2.29687e+02 2.29687e+02 1.07120e+00 291.953 4.07228e-07 8.93917e-06 2.54845e-11 1.55598e-10 1.82762e-09 3.20430e-13 4.52459e-14 3.25783e-10 5.08607e-13
2  4.61241e+02 2.31553e+02 1.04269e+00 290.487 4.01781e-07 8.43422e-06 2.57594e-11 1.52381e-10 1.80317e-09 3.10241e-13 4.68221e-14 3.21424e-10 5.01931e-13
3  6.94669e+02 2.33429e+02 1.01458e+00 289.002 3.96292e-07 7.93414e-06 2.60226e-11 1.49165e-10 1.77854e-09 3.00108e-13 4.83611e-14 3.17034e-10 4.95165e-13
4  9.29983e+02 2.35313e+02 9.86866e-01 287.497 3.90765e-07 7.43918e-06 2.62737e-11 1.45952e-10 1.75373e-09 2.90037e-13 4.98618e-14 3.12612e-10 4.88310e-13
5  1.16719e+03 2.37209e+02 9.59551e-01 285.971 3.85205e-07 6.94972e-06 2.65129e-11 1.42745e-10 1.72878e-09 2.80034e-13 5.13239e-14 3.08164e-10 4.81362e-13
6  1.40630e+03 2.39112e+02 9.32636e-01 284.425 3.79608e-07 6.46590e-06 2.67395e-11 1.39543e-10 1.70366e-09 2.70102e-13 5.27455e-14 3.03687e-10 4.74369e-13
7  1.64733e+03 2.41028e+02 9.06124e-01 282.858 3.73984e-07 5.98808e-06 2.69538e-11 1.36349e-10 1.67842e-09 2.60249e-13 5.41265e-14 2.99187e-10 4.67341e-13
8  1.89030e+03 2.42964e+02 8.80018e-01 281.282 3.68323e-07 5.53473e-06 2.71737e-11 1.33163e-10 1.65301e-09 2.49726e-13 5.54565e-14 2.94658e-10 4.57841e-13
9  2.13523e+03 2.44937e+02 8.54320e-01 279.711 3.62625e-07 5.12876e-06 2.74222e-11 1.29986e-10 1.62744e-09 2.37612e-13 5.67249e-14 2.90100e-10 4.42874e-13
10  2.38216e+03 2.46924e+02 8.29031e-01 278.119 3.56900e-07 4.73001e-06 2.76579e-11 1.26820e-10 1.60175e-09 2.25565e-13 5.79489e-14 2.85520e-10 4.27800e-13
11  2.63108e+03 2.48922e+02 8.04152e-01 276.506 3.51153e-07 4.33704e-06 2.78792e-11 1.23667e-10 1.57595e-09 2.13663e-13 5.91288e-14 2.80922e-10 4.12853e-13
12  2.88202e+03 2.50937e+02 7.79685e-01 274.878 3.45384e-07 3.95131e-06 2.79640e-11 1.20539e-10 1.55006e-09 2.01530e-13 6.02585e-14 2.76307e-10 3.95660e-13
13  3.13500e+03 2.52987e+02 7.55633e-01 273.254 3.39593e-07 3.57536e-06 2.76887e-11 1.17456e-10 1.52407e-09 1.88473e-13 6.13275e-14 2.71674e-10 3.71854e-13
14  3.39006e+03 2.55054e+02 7.31995e-01 271.609 3.33788e-07 3.20594e-06 2.73865e-11 1.14392e-10 1.49802e-09 1.75541e-13 6.23498e-14 2.67030e-10 3.47966e-13
15  3.64719e+03 2.57128e+02 7.08772e-01 269.940 3.27964e-07 2.84296e-06 2.70791e-11 1.11345e-10 1.47188e-09 1.62808e-13 6.33242e-14 2.62371e-10 3.24434e-13
16  3.90642e+03 2.59229e+02 6.85965e-01 268.258 3.22122e-07 2.51468e-06 2.67581e-11 1.08400e-10 1.44567e-09 1.50461e-13 6.42245e-14 2.57698e-10 3.00833e-13
17  4.16779e+03 2.61377e+02 6.63575e-01 266.580 3.16253e-07 2.25619e-06 2.64122e-11 1.05661e-10 1.41932e-09 1.38727e-13 6.50167e-14 2.53002e-10 2.76612e-13
18  4.43133e+03 2.63542e+02 6.41602e-01 264.877 3.10378e-07 2.00524e-06 2.60618e-11 1.02947e-10 1.39296e-09 1.27217e-13 6.57600e-14 2.48302e-10 2.52783e-13
19  4.69705e+03 2.65712e+02 6.20048e-01 263.150 3.04491e-07 1.75919e-06 2.57070e-11 1.00246e-10 1.36654e-09 1.15915e-13 6.64539e-14 2.43593e-10 2.29390e-13
20  4.96497e+03 2.67925e+02 5.98911e-01 261.416 2.98598e-07 1.54439e-06 2.56295e-11 9.78234e-11 1.34009e-09 1.06368e-13 6.70069e-14 2.38879e-10 2.07363e-13
21  5.23515e+03 2.70176e+02 5.78193e-01 259.679 2.92696e-07 1.36446e-06 2.58670e-11 9.57125e-11 1.31360e-09 9.87855e-14 6.74044e-14 2.34157e-10 1.86832e-13
22  5.50758e+03 2.72438e+02 5.57892e-01 257.915 2.86790e-07 1.18850e-06 2.60862e-11 9.36063e-11 1.28710e-09 9.13511e-14 6.77562e-14 2.29432e-10 1.66727e-13
23  5.78230e+03 2.74718e+02 5.38010e-01 256.126 2.80890e-07 1.01865e-06 2.62831e-11 9.15026e-11 1.26062e-09 8.41168e-14 6.80949e-14 2.24712e-10 1.47253e-13
24  6.05935e+03 2.77053e+02 5.18545e-01 254.341 2.74987e-07 8.92998e-07 2.63995e-11 8.93276e-11 1.23413e-09 7.80391e-14 6.89696e-14 2.19990e-10 1.31864e-13
25  6.33877e+03 2.79416e+02 4.99496e-01 252.540 2.69085e-07 7.85801e-07 2.64740e-11 8.71307e-11 1.20764e-09 7.24723e-14 7.00053e-14 2.15268e-10 1.18226e-13
26  6.62056e+03 2.81794e+02 4.80864e-01 250.711 2.63194e-07 6.81163e-07 2.65313e-11 8.49457e-11 1.18120e-09 6.70204e-14 7.09721e-14 2.10555e-10 1.04904e-13
27  6.90477e+03 2.84202e+02 4.62647e-01 248.864 2.57314e-07 5.84668e-07 2.68024e-11 8.26635e-11 1.15473e-09 6.19957e-14 7.19177e-14 2.05851e-10 9.24211e-14
28  7.19143e+03 2.86664e+02 4.44844e-01 247.021 2.51444e-07 5.07221e-07 2.77402e-11 8.00704e-11 1.12804e-09 5.80090e-14 7.29375e-14 2.01155e-10 8.18036e-14
29  7.48058e+03 2.89145e+02 4.27454e-01 245.151 2.45590e-07 4.32931e-07 2.86793e-11 7.74821e-11 1.10143e-09 5.41697e-14 7.38897e-14 1.96472e-10 7.15621e-14
30  7.77222e+03 2.91646e+02 4.10475e-01 243.251 2.39758e-07 3.61312e-07 2.95720e-11 7.49156e-11 1.07492e-09 5.04289e-14 7.47542e-14 1.91806e-10 6.16513e-14
31  8.06643e+03 2.94205e+02 3.93907e-01 241.355 2.33938e-07 3.09586e-07 3.04545e-11 7.21525e-11 1.04849e-09 4.71765e-14 7.52642e-14 1.87151e-10 5.36512e-14
32  8.36323e+03 2.96809e+02 3.77746e-01 239.444 2.28147e-07 2.67496e-07 3.13053e-11 6.93271e-11 1.02220e-09 4.41828e-14 7.55807e-14 1.82518e-10 4.66237e-14
33  8.66266e+03 2.99427e+02 3.61993e-01 237.501 2.22379e-07 2.26614e-07 3.21041e-11 6.65444e-11 9.96026e-10 4.12562e-14 7.58299e-14 1.77903e-10 3.97967e-14
34  8.96474e+03 3.02083e+02 3.46643e-01 235.543 2.16638e-07 1.87092e-07 3.41181e-11 6.36499e-11 9.69874e-10 3.86653e-14 7.60506e-14 1.73282e-10 3.36176e-14
35  9.26954e+03 3.04798e+02 3.31696e-01 233.583 2.10928e-07 1.49043e-07 3.82598e-11 6.05325e-11 9.43683e-10 3.66038e-14 7.62700e-14 1.68636e-10 2.84081e-14
36  9.57708e+03 3.07536e+02 3.17149e-01 231.590 2.05254e-07 1.12251e-07 4.22693e-11 5.74728e-11 9.17670e-10 3.45974e-14 7.64214e-14 1.64021e-10 2.33810e-14
37  9.88739e+03 3.10308e+02 3.03000e-01 229.576 1.99612e-07 7.98421e-08 4.62597e-11 5.44659e-11 8.91727e-10 3.26818e-14 7.66643e-14 1.59408e-10 1.87785e-14
38  1.02006e+04 3.13193e+02 2.89245e-01 227.590 1.94007e-07 6.26075e-08 5.08041e-11 5.14775e-11 8.65547e-10 3.10192e-14 7.75659e-14 1.54707e-10 1.54982e-14
39  1.05167e+04 3.16112e+02 2.75882e-01 225.577 1.88441e-07 4.77290e-08 5.52175e-11 4.85519e-11 8.39530e-10 2.94186e-14 7.84521e-14 1.50031e-10 1.24759e-14
40  1.08357e+04 3.19058e+02 2.62908e-01 223.529 1.82918e-07 3.40273e-08 5.98738e-11 4.56980e-11 8.13727e-10 2.78765e-14 7.92990e-14 1.45375e-10 9.65606e-15
41  1.11578e+04 3.22050e+02 2.50320e-01 221.464 1.77435e-07 2.67729e-08 6.87225e-11 4.29233e-11 7.87866e-10 2.65807e-14 8.06934e-14 1.40528e-10 7.82457e-15
42  1.14829e+04 3.25077e+02 2.38115e-01 219.365 1.72003e-07 2.12590e-08 7.82281e-11 4.02239e-11 7.62222e-10 2.53646e-14 8.21112e-14 1.35684e-10 6.28003e-15
43  1.18112e+04 3.28277e+02 2.26289e-01 217.325 1.66620e-07 1.60691e-08 8.73020e-11 3.75886e-11 7.36843e-10 2.41802e-14 8.34466e-14 1.30899e-10 4.82664e-15
44  1.21450e+04 3.33871e+02 2.14838e-01 216.773 1.61289e-07 1.27269e-08 9.68038e-11 3.48980e-11 7.11499e-10 2.31201e-14 8.56343e-14 1.26129e-10 3.90053e-15
45  1.24855e+04 3.40447e+02 2.03759e-01 216.740 1.56010e-07 1.00684e-08 1.06070e-10 3.22448e-11 6.86376e-10 2.21138e-14 8.79577e-14 1.21409e-10 3.16841e-15
46  1.28327e+04 3.47258e+02 1.93048e-01 216.707 1.50789e-07 7.59289e-09 1.14621e-10 2.96528e-11 6.61564e-10 2.11423e-14 9.00350e-14 1.16761e-10 2.47798e-15
47  1.31871e+04 3.54352e+02 1.82701e-01 216.700 1.45627e-07 6.04506e-09 1.20816e-10 2.68787e-11 6.36734e-10 2.03570e-14 9.15302e-14 1.12170e-10 1.94869e-15
48  1.35488e+04 3.61706e+02 1.72713e-01 216.700 1.40524e-07 4.80186e-09 1.26024e-10 2.41270e-11 6.12164e-10 1.96310e-14 9.27231e-14 1.07648e-10 1.48072e-15
49  1.39181e+04 3.69340e+02 1.63080e-01 216.700 1.35487e-07 3.67855e-09 1.31643e-10 2.14988e-11 5.87962e-10 1.89267e-14 9.41587e-14 1.03204e-10 1.05702e-15
50  1.42954e+04 3.77248e+02 1.53798e-01 216.700 1.30511e-07 2.90530e-09 1.40701e-10 1.90569e-11 5.63967e-10 1.82853e-14 9.73749e-14 9.88203e-11 7.59572e-16
51  1.46808e+04 3.85469e+02 1.44861e-01 216.700 1.25607e-07 2.20751e-09 1.49582e-10 1.67272e-11 5.40386e-10 1.76579e-14 1.00536e-13 9.45204e-11 4.90578e-16
52  1.50749e+04 3.94007e+02 1.36266e-01 216.700 1.20771e-07 1.74402e-09 1.59199e-10 1.46304e-11 5.17137e-10 1.70668e-14 1.06469e-13 9.02754e-11 3.02838e-16
53  1.54777e+04 4.02875e+02 1.28007e-01 216.700 1.16005e-07 1.56646e-09 1.69928e-10 1.28011e-11 4.94196e-10 1.65198e-14 1.15973e-13 8.60779e-11 2.13770e-16
54  1.58898e+04 4.12116e+02 1.20078e-01 216.700 1.11316e-07 1.39695e-09 1.80521e-10 1.10787e-11 4.71714e-10 1.59650e-14 1.26503e-13 8.19631e-11 1.34537e-16
55  1.63116e+04 4.21732e+02 1.12475e-01 216.700 1.06700e-07 1.22474e-09 1.96112e-10 9.61228e-12 4.49534e-10 1.53231e-14 1.49880e-13 7.78425e-11 9.49404e-17
56  1.67433e+04 4.31764e+02 1.05192e-01 216.700 1.02165e-07 1.05883e-09 2.11719e-10 8.25591e-12 4.27819e-10 1.46705e-14 1.74641e-13 7.38036e-11 6.52717e-17
57  1.71855e+04 4.42211e+02 9.82241e-02 216.700 9.77059e-08 9.57957e-10 2.31806e-10 7.14124e-12 4.06168e-10 1.38007e-14 2.14852e-13 6.97036e-11 4.53874e-17
58  1.76387e+04 4.53135e+02 9.15648e-02 216.700 9.33317e-08 9.04618e-10 2.54580e-10 6.21502e-12 3.84750e-10 1.27857e-14 2.65174e-13 6.55997e-11 3.27930e-17
59  1.81032e+04 4.64557e+02 8.52085e-02 216.700 8.90421e-08 8.55545e-10 2.78281e-10 5.35748e-12 3.63798e-10 1.17341e-14 3.19777e-13 6.15587e-11 2.30679e-17
60  1.85797e+04 4.76494e+02 7.91492e-02 216.700 8.48354e-08 8.12532e-10 3.04904e-10 4.58230e-12 3.43234e-10 1.05949e-14 3.84123e-13 5.75362e-11 1.76117e-17
61  1.90687e+04 4.89014e+02 7.33810e-02 216.700 8.07193e-08 7.71966e-10 3.30152e-10 3.87846e-12 3.23049e-10 9.45050e-15 4.50053e-13 5.35721e-11 1.29778e-17
62  1.95709e+04 5.02127e+02 6.78974e-02 216.700 7.66901e-08 7.35621e-10 3.55574e-10 3.28525e-12 3.02885e-10 8.21855e-15 5.27272e-13 4.95425e-11 9.68191e-18
63  2.00868e+04 5.15912e+02 6.26921e-02 216.700 7.27547e-08 7.00789e-10 3.80880e-10 2.77923e-12 2.82964e-10 7.05545e-15 5.97552e-13 4.56244e-11 6.94348e-18
64  2.06172e+04 5.30375e+02 5.77588e-02 216.700 6.89087e-08 6.68154e-10 4.09826e-10 2.42892e-12 2.62676e-10 5.97945e-15 6.58855e-13 4.17596e-11 5.12994e-18
65  2.11632e+04 5.46043e+02 5.30907e-02 216.864 6.51601e-08 6.36931e-10 4.32684e-10 2.14119e-12 2.42754e-10 5.04842e-15 7.04673e-13 3.80410e-11 3.80231e-18
66  2.17266e+04 5.63385e+02 4.86812e-02 217.355 6.15064e-08 6.07574e-10 4.46877e-10 1.93513e-12 2.22950e-10 4.31872e-15 7.28661e-13 3.44511e-11 3.15641e-18
67  2.23084e+04 5.81859e+02 4.45233e-02 217.900 5.79524e-08 5.79329e-10 4.65660e-10 1.78426e-12 2.03382e-10 3.69494e-15 7.38346e-13 3.11645e-11 2.69386e-18
68  2.29099e+04 6.01498e+02 4.06103e-02 218.491 5.44954e-08 5.52201e-10 4.87283e-10 1.68104e-12 1.84199e-10 3.16867e-15 7.35123e-13 2.81798e-11 2.37523e-18
69  2.35323e+04 6.22355e+02 3.69352e-02 219.103 5.11390e-08 5.27940e-10 4.99803e-10 1.62273e-12 1.66167e-10 2.77707e-15 7.16064e-13 2.56810e-11 2.11470e-18
70  2.41769e+04 6.44572e+02 3.34907e-02 219.737 4.78867e-08 5.03908e-10 5.06311e-10 1.57990e-12 1.49308e-10 2.44920e-15 6.88233e-13 2.33952e-11 1.87776e-18
71  2.48451e+04 6.68246e+02 3.02696e-02 220.393 4.47369e-08 4.78236e-10 5.06925e-10 1.54373e-12 1.33774e-10 2.16255e-15 6.50377e-13 2.11798e-11 1.64396e-18
72  2.55386e+04 6.93527e+02 2.72647e-02 221.073 4.16915e-08 4.53961e-10 5.06487e-10 1.50694e-12 1.19728e-10 1.90454e-15 5.97360e-13 1.89564e-11 1.39697e-18
73  2.62592e+04 7.20551e+02 2.44685e-02 221.771 3.87512e-08 4.29220e-10 5.00117e-10 1.45633e-12 1.07507e-10 1.68060e-15 5.37800e-13 1.69066e-11 1.17297e-18
74  2.70087e+04 7.49520e+02 2.18736e-02 222.479 3.59196e-08 4.01957e-10 4.82155e-10 1.37758e-12 9.76731e-11 1.50089e-15 4.77770e-13 1.52157e-11 1.00779e-18
75  2.77894e+04 7.80639e+02 1.94725e-02 223.213 3.31946e-08 3.75267e-10 4.62962e-10 1.29844e-12 8.84410e-11 1.33379e-15 4.21476e-13 1.36351e-11 8.57003e-19
76  2.86036e+04 8.14195e+02 1.72575e-02 223.980 3.05782e-08 3.49332e-10 4.43304e-10 1.22073e-12 7.97088e-11 1.17794e-15 3.68247e-13 1.21509e-11 7.18001e-19
77  2.94541e+04 8.50592e+02 1.52211e-02 224.809 2.80715e-08 3.24203e-10 4.24307e-10 1.14647e-12 7.13794e-11 1.03429e-15 3.13720e-13 1.07535e-11 5.88777e-19
78  3.03442e+04 8.90070e+02 1.33555e-02 225.679 2.56747e-08 2.99867e-10 4.04821e-10 1.07358e-12 6.35549e-11 9.01376e-16 2.62824e-13 9.45140e-12 4.71106e-19
79  3.12775e+04 9.33250e+02 1.16530e-02 226.636 2.33891e-08 2.76137e-10 3.84755e-10 1.00247e-12 5.62344e-11 7.81733e-16 2.16538e-13 8.22140e-12 3.67122e-19
80  3.22587e+04 9.81281e+02 1.01058e-02 227.852 2.12136e-08 2.52422e-10 3.64353e-10 9.35224e-13 4.93530e-11 6.83337e-16 1.74774e-13 6.99511e-12 2.81952e-19
81  3.32929e+04 1.03413e+03 8.70622e-03 229.150 1.91507e-08 2.29649e-10 3.43483e-10 8.69129e-13 4.29864e-11 5.93825e-16 1.37358e-13 5.86917e-12 2.07137e-19
82  3.43884e+04 1.09555e+03 7.44631e-03 231.164 1.71992e-08 2.07859e-10 3.20529e-10 8.07331e-13 3.70075e-11 5.16070e-16 1.04139e-13 4.82809e-12 1.44104e-19
83  3.55574e+04 1.16899e+03 6.31828e-03 234.361 1.53593e-08 1.87046e-10 2.95078e-10 7.51054e-13 3.13666e-11 4.51291e-16 7.49712e-14 3.86139e-12 9.33478e-20
84  3.68086e+04 1.25113e+03 5.31441e-03 237.750 1.36293e-08 1.67146e-10 2.66705e-10 6.98427e-13 2.62464e-11 3.98371e-16 5.14495e-14 2.98777e-12 5.62093e-20
85  3.81525e+04 1.34397e+03 4.42684e-03 241.341 1.20137e-08 1.48181e-10 2.34517e-10 6.51121e-13 2.16379e-11 3.59471e-16 3.40059e-14 2.19938e-12 3.43603e-20
86  3.96018e+04 1.44923e+03 3.64782e-03 245.222 1.05056e-08 1.30507e-10 2.00796e-10 6.05380e-13 1.75111e-11 3.29681e-16 2.18824e-14 1.58038e-12 1.91699e-20
87  4.11717e+04 1.56990e+03 2.96971e-03 249.408 9.10902e-09 1.14142e-10 1.67390e-10 5.60498e-13 1.38604e-11 3.05751e-16 1.35118e-14 1.09460e-12 8.80178e-21
88  4.28808e+04 1.70914e+03 2.38479e-03 253.937 7.82129e-09 9.94248e-11 1.31709e-10 5.20848e-13 1.05556e-11 2.94724e-16 7.60316e-15 7.05691e-13 3.67314e-21
89  4.47524e+04 1.87160e+03 1.88548e-03 258.856 6.64243e-09 8.57189e-11 9.94298e-11 4.84633e-13 7.70159e-12 2.90976e-16 3.72751e-15 4.14675e-13 1.26660e-21
90  4.68151e+04 2.06267e+03 1.46427e-03 264.210 5.56967e-09 7.26271e-11 7.26699e-11 4.52583e-13 5.34384e-12 2.96076e-16 1.79857e-15 2.27610e-13 4.68399e-22
91  4.90986e+04 2.28357e+03 1.11385e-03 269.425 4.60023e-09 6.02561e-11 4.88681e-11 4.23588e-13 3.50800e-12 3.09774e-16 9.63226e-16 1.18349e-13 1.80803e-22
92  5.16052e+04 2.50661e+03 8.26914e-04 270.398 3.73698e-09 4.87929e-11 3.07380e-11 4.16072e-13 2.20942e-12 3.18262e-16 5.61166e-16 5.37372e-14 7.84142e-23
93  5.43269e+04 2.72164e+03 5.96366e-04 266.412 2.97140e-09 3.83788e-11 1.88419e-11 4.07104e-13 1.49402e-12 2.97338e-16 3.76852e-16 2.96572e-14 4.54469e-23
94  5.72924e+04 2.96551e+03 4.15277e-04 260.487 2.30643e-09 2.92826e-11 1.06221e-11 3.91868e-13 1.01772e-12 2.62506e-16 2.58568e-16 1.76290e-14 2.81538e-23
95  6.05320e+04 3.23959e+03 2.76896e-04 252.322 1.73507e-09 2.11705e-11 5.94064e-12 3.96963e-13 7.13457e-13 2.13828e-16 1.76753e-16 1.05187e-14 1.77744e-23
96  6.41047e+04 3.57277e+03 1.74804e-04 243.039 1.25458e-09 1.43843e-11 3.08854e-12 4.08417e-13 4.96845e-13 1.60962e-16 1.17275e-16 5.97194e-15 1.08793e-23
97  6.81113e+04 4.00659e+03 1.02713e-04 232.761 8.63706e-10 8.97459e-12 1.47664e-12 4.19318e-13 3.41972e-13 1.08260e-16 7.53887e-17 3.25697e-15 6.47769e-24
98  7.26952e+04 4.58385e+03 5.47147e-05 221.323 5.54014e-10 4.95427e-12 5.10697e-13 4.25062e-13 2.19354e-13 6.03349e-17 4.56979e-17 1.65617e-15 3.63741e-24
99  7.81426e+04 5.44741e+03 2.53192e-05 209.992 3.21224e-10 2.33165e-12 2.12625e-13 5.11939e-13 1.27247e-13 2.42614e-17 2.52504e-17 7.46396e-16 1.85915e-24
100  8.50541e+04 6.91148e+03 9.36807e-06 198.164 1.58686e-10 8.09276e-13 1.32680e-13 6.84309e-13 6.34536e-14 5.57683e-18 1.20529e-17 2.82792e-16 8.15526e-25
