! Created using make_refprof.f on klayers mypref.op; except thickness from klayers_ftc
! lat= 45.540, lon=  0.000, 1100mb alt(m)=-6.89000E+02 m
! input=../Data/Pin/mypref (July 2025 version) with CO2=400 ppmv
! Input altitudes: calculated
! Input mixing ratios treated as relative to: wet air (ie not adjusted for water displacement)
! H2O saturation: checked & corrected if needed
! no altitude(m)  thickness(m) pressure(atm) temp(K) fixed=CO2     H2O        O3         CO         CH4        SO2       HNO3         N2O       NH3
! -- ------------ ------------ ------------  ------- ---------- ---------- ---------- ---------- ---------- ---------- ---------- -- -------- -----------
Reference Profile (write out of this is commented out in sarta)
   1 4.10837E+02 9.23140E+01 1.04020E+00 290.356 1.47848E-07 3.34230E-06 1.02719E-11 6.05933E-11 7.17496E-10 1.23237E-13 1.87088E-14 1.27898E-10 5.08607e-13
   2 5.03227E+02 9.23894E+01 1.02898E+00 289.766 1.46694E-07 3.25508E-06 1.02894E-11 5.99403E-11 7.11898E-10 1.21339E-13 1.89089E-14 1.26900E-10 5.01931e-13
   3 5.95427E+02 9.21997E+01 1.01786E+00 289.176 1.45130E-07 3.15980E-06 1.02765E-11 5.91225E-11 7.04304E-10 1.19117E-13 1.90499E-14 1.25546E-10 4.95165e-13
   4 6.87435E+02 9.20084E+01 1.00687E+00 288.586 1.43578E-07 3.06614E-06 1.02623E-11 5.83140E-11 6.96776E-10 1.16927E-13 1.91853E-14 1.24204E-10 4.88310e-13
   5 7.80404E+02 9.29686E+01 9.95925E-01 287.992 1.43816E-07 3.01088E-06 1.03758E-11 5.82328E-11 6.97931E-10 1.16196E-13 1.95587E-14 1.24410E-10 4.81362e-13
   6 8.73257E+02 9.28539E+01 9.85032E-01 287.394 1.42386E-07 2.92080E-06 1.03686E-11 5.74764E-11 6.90988E-10 1.14120E-13 1.97045E-14 1.23173E-10 4.74369e-13
   7 9.66416E+02 9.31582E+01 9.74217E-01 286.794 1.41602E-07 2.84476E-06 1.04074E-11 5.69834E-11 6.87186E-10 1.12573E-13 1.99355E-14 1.22495E-10 4.67341e-13
   8 1.06012E+03 9.37094E+01 9.63457E-01 286.191 1.41185E-07 2.77621E-06 1.04729E-11 5.66382E-11 6.85162E-10 1.11320E-13 2.02174E-14 1.22134E-10 4.57841e-13
   9 1.15363E+03 9.35081E+01 9.52770E-01 285.584 1.39636E-07 2.68602E-06 1.04534E-11 5.58407E-11 6.77644E-10 1.09184E-13 2.03337E-14 1.20794E-10 4.42874e-13
  10 1.24804E+03 9.44031E+01 9.42136E-01 284.975 1.39721E-07 2.62756E-06 1.05558E-11 5.56976E-11 6.78057E-10 1.08330E-13 2.06863E-14 1.20867E-10 4.27800e-13
  11 1.34240E+03 9.43656E+01 9.31556E-01 284.361 1.38417E-07 2.54311E-06 1.05531E-11 5.50011E-11 6.71728E-10 1.06401E-13 2.08324E-14 1.19739E-10 4.12853e-13
  12 1.43699E+03 9.45869E+01 9.21059E-01 283.745 1.37499E-07 2.46654E-06 1.05784E-11 5.44602E-11 6.67271E-10 1.04780E-13 2.10321E-14 1.18945E-10 3.95660e-13
  13 1.53222E+03 9.52352E+01 9.10609E-01 283.125 1.37190E-07 2.40106E-06 1.06505E-11 5.41615E-11 6.65775E-10 1.03627E-13 2.13243E-14 1.18678E-10 3.71854e-13
  14 1.62725E+03 9.50233E+01 9.00230E-01 282.502 1.35646E-07 2.31451E-06 1.06257E-11 5.33763E-11 6.58279E-10 1.01549E-13 2.14212E-14 1.17342E-10 3.47966e-13
  15 1.72310E+03 9.58524E+01 8.89915E-01 281.876 1.35584E-07 2.25390E-06 1.07167E-11 5.31758E-11 6.57981E-10 1.00577E-13 2.17499E-14 1.17289E-10 3.24434e-13
  16 1.81900E+03 9.58990E+01 8.79649E-01 281.257 1.34400E-07 2.18125E-06 1.07254E-11 5.25357E-11 6.52233E-10 9.85118E-14 2.18948E-14 1.16264E-10 3.00833e-13
  17 1.91504E+03 9.60400E+01 8.69473E-01 280.640 1.33351E-07 2.11445E-06 1.07464E-11 5.19514E-11 6.47144E-10 9.64438E-14 2.20560E-14 1.15357E-10 2.76612e-13
  18 2.01183E+03 9.67949E+01 8.59339E-01 280.020 1.33146E-07 2.06116E-06 1.08352E-11 5.16959E-11 6.46147E-10 9.49890E-14 2.23558E-14 1.15179E-10 2.52783e-13
  19 2.10841E+03 9.65782E+01 8.49276E-01 279.396 1.31602E-07 1.98757E-06 1.08141E-11 5.09224E-11 6.38656E-10 9.25907E-14 2.24280E-14 1.13844E-10 2.29390e-13
  20 2.20575E+03 9.73428E+01 8.39281E-01 278.769 1.31397E-07 1.93462E-06 1.09021E-11 5.06682E-11 6.37660E-10 9.11449E-14 2.27255E-14 1.13666E-10 2.07363e-13
  21 2.30323E+03 9.74773E+01 8.29335E-01 278.137 1.30333E-07 1.86918E-06 1.09186E-11 5.00836E-11 6.32498E-10 8.91078E-14 2.28736E-14 1.12746E-10 1.86832e-13
  22 2.40076E+03 9.75254E+01 8.19473E-01 277.503 1.29160E-07 1.80288E-06 1.09245E-11 4.94593E-11 6.26804E-10 8.70141E-14 2.29977E-14 1.11731E-10 1.66727e-13
  23 2.49915E+03 9.83896E+01 8.09663E-01 276.866 1.29058E-07 1.75169E-06 1.10205E-11 4.92457E-11 6.26309E-10 8.56462E-14 2.33115E-14 1.11643E-10 1.47253e-13
  24 2.59731E+03 9.81587E+01 7.99915E-01 276.224 1.27520E-07 1.68137E-06 1.09932E-11 4.84855E-11 6.18844E-10 8.33349E-14 2.33633E-14 1.10312E-10 1.31864e-13
  25 2.69616E+03 9.88506E+01 7.90241E-01 275.580 1.27179E-07 1.62736E-06 1.10680E-11 4.81824E-11 6.17191E-10 8.18196E-14 2.36312E-14 1.10018E-10 1.18226e-13
  26 2.79523E+03 9.90774E+01 7.80619E-01 274.937 1.26232E-07 1.56609E-06 1.10574E-11 4.76528E-11 6.12593E-10 7.98172E-14 2.37839E-14 1.09198E-10 1.04904e-13
  27 2.89427E+03 9.90322E+01 7.71079E-01 274.300 1.24940E-07 1.50176E-06 1.09714E-11 4.69998E-11 6.06327E-10 7.74802E-14 2.38652E-14 1.08081E-10 9.24211e-14
  28 2.99428E+03 1.00014E+02 7.61591E-01 273.659 1.24936E-07 1.45306E-06 1.09981E-11 4.68316E-11 6.06307E-10 7.59456E-14 2.41910E-14 1.08078E-10 8.18036e-14
  29 3.09406E+03 9.97761E+01 7.52162E-01 273.014 1.23405E-07 1.38692E-06 1.08901E-11 4.60920E-11 5.98874E-10 7.34925E-14 2.42191E-14 1.06753E-10 7.15621e-14
  30 3.19445E+03 1.00393E+02 7.42813E-01 272.367 1.22933E-07 1.33329E-06 1.08753E-11 4.57502E-11 5.96585E-10 7.16893E-14 2.44511E-14 1.06345E-10 6.16513e-14
  31 3.29517E+03 1.00721E+02 7.33512E-01 271.714 1.22100E-07 1.27592E-06 1.08284E-11 4.52747E-11 5.92543E-10 6.96812E-14 2.46101E-14 1.05624E-10 5.36512e-14
  32 3.39574E+03 1.00570E+02 7.24298E-01 271.060 1.20695E-07 1.21331E-06 1.07304E-11 4.45895E-11 5.85723E-10 6.73699E-14 2.46487E-14 1.04408E-10 4.66237e-14
  33 3.49742E+03 1.01674E+02 7.15132E-01 270.400 1.20788E-07 1.16595E-06 1.07655E-11 4.44585E-11 5.86175E-10 6.59010E-14 2.49921E-14 1.04489E-10 3.97967e-14
  34 3.59884E+03 1.01424E+02 7.06026E-01 269.737 1.19265E-07 1.10326E-06 1.06564E-11 4.37336E-11 5.78785E-10 6.35587E-14 2.49993E-14 1.03172E-10 3.36176e-14
  35 3.70079E+03 1.01954E+02 6.97000E-01 269.071 1.18666E-07 1.04980E-06 1.06295E-11 4.33499E-11 5.75879E-10 6.17304E-14 2.51957E-14 1.02654E-10 2.84081e-14
  36 3.80318E+03 1.02385E+02 6.88022E-01 268.407 1.17941E-07 1.00212E-06 1.05892E-11 4.29410E-11 5.72359E-10 5.98860E-14 2.53578E-14 1.02026E-10 2.33810e-14
  37 3.90531E+03 1.02135E+02 6.79133E-01 267.749 1.16429E-07 9.56460E-07 1.04754E-11 4.22724E-11 5.65020E-10 5.77173E-14 2.53385E-14 1.00718E-10 1.87785e-14
  38 4.25473E+03 3.49414E+02 6.59858E-01 266.298 3.89221E-07 2.95559E-06 3.51815E-11 1.40447E-10 1.88886E-09 1.82613E-13 8.69640E-14 3.36700E-10 1.54982e-14
  39 4.60757E+03 3.52841E+02 6.30730E-01 264.015 3.79073E-07 2.50846E-06 3.45124E-11 1.35454E-10 1.83961E-09 1.62037E-13 8.81504E-14 3.27921E-10 1.24759e-14
  40 4.96387E+03 3.56300E+02 6.02381E-01 261.705 3.68937E-07 2.10095E-06 3.41169E-11 1.30776E-10 1.79043E-09 1.43577E-13 8.91229E-14 3.19153E-10 9.65606e-15
  41 5.32506E+03 3.61196E+02 5.74757E-01 259.387 3.60145E-07 1.78204E-06 3.45830E-11 1.27307E-10 1.74776E-09 1.30211E-13 9.00672E-14 3.11548E-10 7.82457e-15
  42 5.68984E+03 3.64775E+02 5.47859E-01 257.022 3.49980E-07 1.46913E-06 3.49182E-11 1.23404E-10 1.69843E-09 1.16909E-13 9.05536E-14 3.02754E-10 6.28003e-15
  43 6.05825E+03 3.68412E+02 5.21738E-01 254.639 3.39846E-07 1.21349E-06 3.51344E-11 1.19437E-10 1.64925E-09 1.05174E-13 9.16048E-14 2.93988E-10 4.82664e-15
  44 6.43183E+03 3.73576E+02 4.96340E-01 252.238 3.31013E-07 1.02558E-06 3.53589E-11 1.15838E-10 1.60638E-09 9.55315E-14 9.36831E-14 2.86347E-10 3.90053e-15
  45 6.80916E+03 3.77332E+02 4.71666E-01 249.787 3.20895E-07 8.41160E-07 3.54680E-11 1.11776E-10 1.55726E-09 8.58627E-14 9.52521E-14 2.77594E-10 3.16841e-15
  46 7.19032E+03 3.81165E+02 4.47762E-01 247.330 3.10829E-07 6.92134E-07 3.67223E-11 1.07195E-10 1.50795E-09 7.81040E-14 9.68971E-14 2.68886E-10 2.47798e-15
  47 7.57694E+03 3.86613E+02 4.24575E-01 244.836 3.02033E-07 5.61760E-07 3.84934E-11 1.02877E-10 1.46465E-09 7.14807E-14 9.88543E-14 2.61277E-10 1.94869e-15
  48 7.96750E+03 3.90568E+02 4.02105E-01 242.301 2.92034E-07 4.44198E-07 4.00204E-11 9.80696E-11 1.41555E-09 6.49914E-14 1.00066E-13 2.52627E-10 1.48072e-15
  49 8.36212E+03 3.94620E+02 3.80392E-01 239.765 2.82108E-07 3.65394E-07 4.14972E-11 9.29292E-11 1.36684E-09 5.94859E-14 1.00568E-13 2.44040E-10 1.05702e-15
  50 8.76252E+03 4.00392E+02 3.59387E-01 237.175 2.73404E-07 2.93650E-07 4.30990E-11 8.82289E-11 1.32408E-09 5.44565E-14 1.01296E-13 2.36510E-10 7.59572e-16
  51 9.16711E+03 4.04595E+02 3.39087E-01 234.566 2.63592E-07 2.23837E-07 4.82524E-11 8.27775E-11 1.27563E-09 5.01623E-14 1.01556E-13 2.27933E-10 4.90578e-16
  52 9.57596E+03 4.08849E+02 3.19529E-01 231.925 2.53879E-07 1.57505E-07 5.54020E-11 7.71912E-11 1.22752E-09 4.65034E-14 1.01718E-13 2.19395E-10 3.02838e-16
  53 9.99097E+03 4.15010E+02 3.00663E-01 229.247 2.45340E-07 1.02535E-07 6.27909E-11 7.20585E-11 1.18489E-09 4.32643E-14 1.02570E-13 2.11811E-10 2.13770e-16
  54 1.04105E+04 4.19546E+02 2.82485E-01 226.587 2.35772E-07 7.34504E-08 7.07216E-11 6.66701E-11 1.13663E-09 4.02834E-14 1.04029E-13 2.03143E-10 1.34537e-16
  55 1.08346E+04 4.24114E+02 2.65028E-01 223.874 2.26330E-07 4.82255E-08 7.86430E-11 6.14640E-11 1.08900E-09 3.74481E-14 1.05383E-13 1.94567E-10 9.49404e-17
  56 1.12654E+04 4.30757E+02 2.48244E-01 221.118 2.18006E-07 3.45078E-08 9.39290E-11 5.67135E-11 1.04639E-09 3.52234E-14 1.08087E-13 1.86579E-10 6.52717e-17
  57 1.17009E+04 4.35480E+02 2.32127E-01 218.299 2.08753E-07 2.47708E-08 1.10400E-10 5.18649E-11 9.99293E-10 3.30193E-14 1.10351E-13 1.77705E-10 4.53874e-17
  58 1.21439E+04 4.43044E+02 2.16706E-01 216.782 1.99645E-07 1.75513E-08 1.26730E-10 4.70553E-11 9.52746E-10 3.10030E-14 1.13451E-13 1.68956E-10 3.27930e-17
  59 1.26001E+04 4.56199E+02 2.01935E-01 216.734 1.91604E-07 1.28706E-08 1.43642E-10 4.24848E-11 9.11122E-10 2.93122E-14 1.17956E-13 1.61104E-10 2.30679e-17
  60 1.30678E+04 4.67732E+02 1.87804E-01 216.701 1.82730E-07 8.97546E-09 1.57264E-10 3.77015E-11 8.65472E-10 2.76418E-14 1.21121E-13 1.52603E-10 1.76117e-17
  61 1.35477E+04 4.79827E+02 1.74340E-01 216.700 1.74018E-07 6.66282E-09 1.66623E-10 3.27162E-11 8.20236E-10 2.62900E-14 1.23169E-13 1.44281E-10 1.29778e-17
  62 1.40428E+04 4.95082E+02 1.61496E-01 216.700 1.66323E-07 4.73399E-09 1.77845E-10 2.81620E-11 7.79937E-10 2.51353E-14 1.26476E-13 1.36862E-10 9.68191e-18
  63 1.45512E+04 5.08480E+02 1.49264E-01 216.700 1.57886E-07 3.40213E-09 1.93645E-10 2.38368E-11 7.36128E-10 2.39600E-14 1.31996E-13 1.28873E-10 6.94348e-18
  64 1.50737E+04 5.22498E+02 1.37664E-01 216.700 1.49630E-07 2.39918E-09 2.09638E-10 1.99139E-11 6.93382E-10 2.28412E-14 1.40066E-13 1.21084E-10 5.12994e-18
  65 1.56140E+04 5.40238E+02 1.26651E-01 216.700 1.42334E-07 2.05446E-09 2.29252E-10 1.67049E-11 6.55113E-10 2.19460E-14 1.56933E-13 1.14063E-10 3.80231e-18
  66 1.61699E+04 5.55899E+02 1.16216E-01 216.700 1.34393E-07 1.74737E-09 2.50656E-10 1.37613E-11 6.14065E-10 2.08660E-14 1.83040E-13 1.06524E-10 3.15641e-18
  67 1.67422E+04 5.72347E+02 1.06374E-01 216.700 1.26652E-07 1.44523E-09 2.78391E-10 1.12820E-11 5.74079E-10 1.96657E-14 2.27074E-13 9.90985E-11 2.69386e-18
  68 1.73355E+04 5.93252E+02 9.70831E-02 216.700 1.19812E-07 1.26784E-09 3.14926E-10 9.33083E-12 5.37830E-10 1.82088E-14 2.98552E-13 9.22010E-11 2.37523e-18
  69 1.79473E+04 6.11791E+02 8.83312E-02 216.700 1.12417E-07 1.17229E-09 3.54704E-10 7.69991E-12 4.98930E-10 1.63608E-14 3.88228E-13 8.47633E-11 2.11470e-18
  70 1.85786E+04 6.31354E+02 8.01302E-02 216.700 1.05241E-07 1.09051E-09 3.99944E-10 6.26518E-12 4.61188E-10 1.43457E-14 4.97152E-13 7.74338E-11 1.87776e-18
  71 1.92350E+04 6.56375E+02 7.24389E-02 216.700 9.89099E-08 1.02334E-09 4.47013E-10 5.04712E-12 4.27125E-10 1.23493E-14 6.18984E-13 7.06753E-11 1.64396e-18
  72 1.99137E+04 6.78689E+02 6.52446E-02 216.700 9.21152E-08 9.57192E-10 4.90480E-10 4.01882E-12 3.90571E-10 1.01671E-14 7.51352E-13 6.34273E-11 1.39697e-18
  73 2.06160E+04 7.02346E+02 5.85550E-02 216.700 8.55520E-08 8.95970E-10 5.38925E-10 3.30554E-12 3.53869E-10 8.18729E-15 8.63377E-13 5.63946E-11 1.17297e-18
  74 2.13497E+04 7.33686E+02 5.23307E-02 216.944 7.97775E-08 8.44690E-10 5.81655E-10 2.81488E-12 3.19963E-10 6.58093E-15 9.47510E-13 5.00283E-11 1.00779e-18
  75 2.21132E+04 7.63455E+02 4.65576E-02 217.621 7.36264E-08 7.90986E-10 6.07264E-10 2.46891E-12 2.84169E-10 5.32274E-15 9.80571E-13 4.36835E-11 8.57003e-19
  76 2.29088E+04 7.95637E+02 4.12396E-02 218.390 6.77258E-08 7.40360E-10 6.43581E-10 2.25804E-12 2.49147E-10 4.32743E-15 9.78659E-13 3.81245E-11 7.18001e-19
  77 2.37458E+04 8.36982E+02 3.63391E-02 219.206 6.25452E-08 7.00551E-10 6.70071E-10 2.15921E-12 2.18279E-10 3.63620E-15 9.51839E-13 3.38166E-11 5.88777e-19
  78 2.46210E+04 8.75193E+02 3.18412E-02 220.062 5.70825E-08 6.54690E-10 6.75939E-10 2.08241E-12 1.88517E-10 3.06998E-15 8.92884E-13 2.96969E-11 4.71106e-19
  79 2.55375E+04 9.16506E+02 2.77457E-02 220.956 5.18772E-08 6.08790E-10 6.73506E-10 2.01167E-12 1.62174E-10 2.58711E-15 8.07274E-13 2.56979E-11 3.67122e-19
  80 2.65076E+04 9.70104E+02 2.40172E-02 221.886 4.73326E-08 5.67872E-10 6.64900E-10 1.93004E-12 1.41527E-10 2.20638E-15 7.05537E-13 2.22233E-11 2.81952e-19
  81 2.75276E+04 1.02006E+03 2.06398E-02 222.843 4.25875E-08 5.17948E-10 6.30105E-10 1.78358E-12 1.23970E-10 1.88762E-15 5.98744E-13 1.92143E-11 2.07137e-19
  82 2.86024E+04 1.07473E+03 1.76100E-02 223.848 3.81109E-08 4.69954E-10 5.93535E-10 1.63946E-12 1.07832E-10 1.59920E-15 5.00994E-13 1.64705E-11 1.44104e-19
  83 2.97492E+04 1.14685E+03 1.48944E-02 224.950 3.42284E-08 4.28238E-10 5.63350E-10 1.51745E-12 9.37094E-11 1.35330E-15 4.08012E-13 1.40889E-11 9.33478e-20
  84 3.09646E+04 1.21541E+03 1.24767E-02 226.135 3.02269E-08 3.83898E-10 5.26370E-10 1.38329E-12 7.97679E-11 1.11882E-15 3.18752E-13 1.17748E-11 5.62093e-20
  85 3.22576E+04 1.29291E+03 1.03501E-02 227.638 2.64965E-08 3.40488E-10 4.88517E-10 1.25701E-12 6.70428E-11 9.28603E-16 2.41080E-13 9.55742E-12 3.43603e-20
  86 3.36552E+04 1.39763E+03 8.48361E-03 229.399 2.32965E-08 3.02475E-10 4.54941E-10 1.14901E-12 5.61891E-11 7.76318E-16 1.76154E-13 7.61996E-12 1.91699e-20
  87 3.51647E+04 1.50947E+03 6.86039E-03 232.733 2.00513E-08 2.63027E-10 4.10254E-10 1.03867E-12 4.54826E-11 6.43840E-16 1.18717E-13 5.77304E-12 8.80178e-21
  88 3.68073E+04 1.64266E+03 5.47110E-03 237.160 1.70761E-08 2.26193E-10 3.60580E-10 9.38271E-13 3.59331E-11 5.39413E-16 7.30410E-14 4.15297E-12 3.67314e-21
  89 3.86315E+04 1.82422E+03 4.28737E-03 241.954 1.45651E-08 1.94470E-10 3.06716E-10 8.61957E-13 2.80315E-11 4.74320E-16 4.24944E-14 2.79662E-12 1.26660e-21
  90 4.06439E+04 2.01236E+03 3.29235E-03 247.278 1.20718E-08 1.62831E-10 2.45020E-10 7.77000E-13 2.08314E-11 4.23059E-16 2.32951E-14 1.76851E-12 4.68399e-22
  91 4.28795E+04 2.23557E+03 2.47452E-03 253.136 9.84538E-09 1.34951E-10 1.82640E-10 6.98921E-13 1.47004E-11 3.92308E-16 1.12201E-14 1.01496E-12 1.80803e-22
  92 4.54334E+04 2.55396E+03 1.80847E-03 259.700 8.01119E-09 1.11992E-10 1.27140E-10 6.43055E-13 9.76804E-12 3.91329E-16 4.50518E-15 5.09662E-13 7.84142e-23
  93 4.83324E+04 2.89900E+03 1.27784E-03 266.950 6.25026E-09 8.83849E-11 8.02714E-11 5.82464E-13 5.81662E-12 4.03779E-16 1.73269E-15 2.21618E-13 4.54469e-23
  94 5.16037E+04 3.27123E+03 8.69649E-04 270.457 4.74211E-09 6.70139E-11 4.42919E-11 5.51460E-13 3.17769E-12 4.20022E-16 8.13834E-16 8.31054E-14 2.81538e-23
  95 5.53215E+04 3.71788E+03 5.61966E-04 265.547 3.55048E-09 4.94827E-11 2.32505E-11 5.43186E-13 1.89041E-12 3.92840E-16 4.77656E-16 3.68441E-14 1.77744e-23
  96 5.94628E+04 4.14128E+03 3.39549E-04 256.647 2.47455E-09 3.33774E-11 1.06533E-11 5.26823E-13 1.13465E-12 3.17845E-16 2.85575E-16 1.82148E-14 1.08793e-23
  97 6.41033E+04 4.64045E+03 1.89104E-04 244.750 1.62052E-09 2.03533E-11 4.58600E-12 5.34502E-13 6.96851E-13 2.23946E-16 1.66178E-16 8.71325E-15 6.47769e-24
  98 6.96661E+04 5.56283E+03 9.27024E-05 231.092 1.01023E-09 1.11227E-11 1.73345E-12 5.68702E-13 4.32516E-13 1.34602E-16 9.45552E-17 3.99059E-15 3.63741e-24
  99 7.63607E+04 6.69461E+03 3.73827E-05 215.727 5.26003E-10 4.63195E-12 4.15056E-13 6.13727E-13 2.25207E-13 5.35785E-17 4.57692E-17 1.50651E-15 1.85915e-24
 100 8.50539E+04 8.69317E+03 1.11642E-05 200.573 2.18605E-10 1.31302E-12 1.84277E-13 8.58949E-13 9.42839E-14 1.01946E-17 1.80616E-17 4.45016E-16 8.15526e-25
