    1  635.000 1.0000 1.0000 1.0000 1.0000 1.0000 1.0000 1.0000
    2  635.625 1.0000 1.0000 1.0000 1.0000 1.0000 1.0000 1.0000
    3  636.250 1.0000 1.0000 1.0000 1.0000 1.0000 1.0000 1.0000
    4  636.875 1.0000 1.0000 1.0000 1.0000 1.0000 1.0000 1.0000
    5  637.500 1.0000 1.0000 1.0000 1.0000 1.0000 1.0000 1.0000
    6  638.125 1.0000 1.0000 1.0000 1.0000 1.0000 1.0000 1.0000
    7  638.750 1.0000 1.0000 1.0000 1.0000 1.0000 1.0000 1.0000
    8  639.375 1.0000 1.0000 1.0000 1.0000 1.0000 1.0000 1.0000
    9  640.000 1.0000 1.0000 1.0000 1.0000 1.0000 1.0000 1.0000
   10  640.625 1.0000 1.0000 1.0000 1.0000 1.0000 1.0000 1.0000
   11  641.250 1.0000 1.0000 1.0000 1.0000 1.0000 1.0000 1.0000
   12  641.875 1.0000 1.0000 1.0000 1.0000 1.0000 1.0000 1.0000
   13  642.500 1.0000 1.0000 1.0000 1.0000 1.0000 1.0000 1.0000
   14  643.125 1.0000 1.0000 1.0000 1.0000 1.0000 1.0000 1.0000
   15  643.750 1.0000 1.0000 1.0000 1.0000 1.0000 1.0000 1.0000
   16  644.375 1.0000 1.0000 1.0000 1.0000 1.0000 1.0000 1.0000
   17  645.000 1.0000 1.0000 1.0000 1.0000 1.0000 1.0000 1.0000
   18  645.625 1.0000 1.0000 1.0000 1.0000 1.0000 1.0000 1.0000
   19  646.250 1.0000 1.0000 1.0000 1.0000 1.0000 1.0000 1.0000
   20  646.875 1.0000 1.0000 1.0000 1.0000 1.0000 1.0000 1.0000
   21  647.500 1.0000 1.0000 1.0000 1.0000 1.0000 1.0000 1.0000
   22  648.125 1.0000 1.0000 1.0000 1.0000 1.0000 1.0000 1.0000
   23  648.750 1.0000 1.0000 1.0000 1.0000 1.0000 1.0000 1.0000
   24  649.375 1.0000 1.0000 1.0000 1.0000 1.0000 1.0000 1.0000
   25  650.000 1.0000 1.0000 1.0000 1.0000 1.0000 1.0000 1.0000
   26  650.625 1.0000 1.0000 1.0000 1.0000 1.0000 1.0000 1.0000
   27  651.250 1.0000 1.0000 1.0000 1.0000 1.0000 1.0000 1.0000
   28  651.875 1.0000 1.0000 1.0000 1.0000 1.0000 1.0000 1.0000
   29  652.500 1.0000 1.0000 1.0000 1.0000 1.0000 1.0000 1.0000
   30  653.125 1.0000 1.0000 1.0000 1.0000 1.0000 1.0000 1.0000
   31  653.750 1.0000 1.0000 1.0000 1.0000 1.0000 1.0000 1.0000
   32  654.375 1.0000 1.0000 1.0000 1.0000 1.0000 1.0000 1.0000
   33  655.000 1.0000 1.0000 1.0000 1.0000 1.0000 1.0000 1.0000
   34  655.625 1.0000 1.0000 1.0000 1.0000 1.0000 1.0000 1.0000
   35  656.250 1.0000 1.0000 1.0000 1.0000 1.0000 1.0000 1.0000
   36  656.875 1.0000 1.0000 1.0000 1.0000 1.0000 1.0000 1.0000
   37  657.500 1.0000 1.0000 1.0000 1.0000 1.0000 1.0000 1.0000
   38  658.125 1.0000 1.0000 1.0000 1.0000 1.0000 1.0000 1.0000
   39  658.750 1.0000 1.0000 1.0000 1.0000 1.0000 1.0000 1.0000
   40  659.375 1.0000 1.0000 1.0000 1.0000 1.0000 1.0000 1.0000
   41  660.000 1.0000 1.0000 1.0000 1.0000 1.0000 1.0000 1.0000
   42  660.625 1.0000 1.0000 1.0000 1.0000 1.0000 1.0000 1.0000
   43  661.250 1.0000 1.0000 1.0000 1.0000 1.0000 1.0000 1.0000
   44  661.875 1.0000 1.0000 1.0000 1.0000 1.0000 1.0000 1.0000
   45  662.500 1.0000 1.0000 1.0000 1.0000 1.0000 1.0000 1.0000
   46  663.125 1.0000 1.0000 1.0000 1.0000 1.0000 1.0000 1.0000
   47  663.750 1.0000 1.0000 1.0000 1.0000 1.0000 1.0000 1.0000
   48  664.375 1.0000 1.0000 1.0000 1.0000 1.0000 1.0000 1.0000
   49  665.000 1.0000 1.0000 1.0000 1.0000 1.0000 1.0000 1.0000
   50  665.625 1.0000 1.0000 1.0000 1.0000 1.0000 1.0000 1.0000
   51  666.250 1.0000 1.0000 1.0000 1.0000 1.0000 1.0000 1.0000
   52  666.875 1.0000 1.0000 1.0000 1.0000 1.0000 1.0000 1.0000
   53  667.500 1.0000 1.0000 1.0000 1.0000 1.0000 1.0000 1.0000
   54  668.125 1.0000 1.0000 1.0000 1.0000 1.0000 1.0000 1.0000
   55  668.750 1.0000 1.0000 1.0000 1.0000 1.0000 1.0000 1.0000
   56  669.375 1.0000 1.0000 1.0000 1.0000 1.0000 1.0000 1.0000
   57  670.000 1.0000 1.0000 1.0000 1.0000 1.0000 1.0000 1.0000
   58  670.625 1.0000 1.0000 1.0000 1.0000 1.0000 1.0000 1.0000
   59  671.250 1.0000 1.0000 1.0000 1.0000 1.0000 1.0000 1.0000
   60  671.875 1.0000 1.0000 1.0000 1.0000 1.0000 1.0000 1.0000
   61  672.500 1.0000 1.0000 1.0000 1.0000 1.0000 1.0000 1.0000
   62  673.125 1.0000 1.0000 1.0000 1.0000 1.0000 1.0000 1.0000
   63  673.750 1.0000 1.0000 1.0000 1.0000 1.0000 1.0000 1.0000
   64  674.375 1.0000 1.0000 1.0000 1.0000 1.0000 1.0000 1.0000
   65  675.000 1.0000 1.0000 1.0000 1.0000 1.0000 1.0000 1.0000
   66  675.625 1.0000 1.0000 1.0000 1.0000 1.0000 1.0000 1.0000
   67  676.250 1.0000 1.0000 1.0000 1.0000 1.0000 1.0000 1.0000
   68  676.875 1.0000 1.0000 1.0000 1.0000 1.0000 1.0000 1.0000
   69  677.500 1.0000 1.0000 1.0000 1.0000 1.0000 1.0000 1.0000
   70  678.125 1.0000 1.0000 1.0000 1.0000 1.0000 1.0000 1.0000
   71  678.750 1.0000 1.0000 1.0000 1.0000 1.0000 1.0000 1.0000
   72  679.375 1.0000 1.0000 1.0000 1.0000 1.0000 1.0000 1.0000
   73  680.000 1.0000 1.0000 1.0000 1.0000 1.0000 1.0000 1.0000
   74  680.625 1.0000 1.0000 1.0000 1.0000 1.0000 1.0000 1.0000
   75  681.250 1.0000 1.0000 1.0000 1.0000 1.0000 1.0000 1.0000
   76  681.875 1.0000 1.0000 1.0000 1.0000 1.0000 1.0000 1.0000
   77  682.500 1.0000 1.0000 1.0000 1.0000 1.0000 1.0000 1.0000
   78  683.125 1.0000 1.0000 1.0000 1.0000 1.0000 1.0000 1.0000
   79  683.750 1.0000 1.0000 1.0000 1.0000 1.0000 1.0000 1.0000
   80  684.375 1.0000 1.0000 1.0000 1.0000 1.0000 1.0000 1.0000
   81  685.000 1.0000 1.0000 1.0000 1.0000 1.0000 1.0000 1.0000
   82  685.625 1.0000 1.0000 1.0000 1.0000 1.0000 1.0000 1.0000
   83  686.250 1.0000 1.0000 1.0000 1.0000 1.0000 1.0000 1.0000
   84  686.875 1.0000 1.0000 1.0000 1.0000 1.0000 1.0000 1.0000
   85  687.500 1.0000 1.0000 1.0000 1.0000 1.0000 1.0000 1.0000
   86  688.125 1.0000 1.0000 1.0000 1.0000 1.0000 1.0000 1.0000
   87  688.750 1.0000 1.0000 1.0000 1.0000 1.0000 1.0000 1.0000
   88  689.375 1.0000 1.0000 1.0000 1.0000 1.0000 1.0000 1.0000
   89  690.000 1.0000 1.0000 1.0000 1.0000 1.0000 1.0000 1.0000
   90  690.625 1.0000 1.0000 1.0000 1.0000 1.0000 1.0000 1.0000
   91  691.250 1.0000 1.0000 1.0000 1.0000 1.0000 1.0000 1.0000
   92  691.875 1.0000 1.0000 1.0000 1.0000 1.0000 1.0000 1.0000
   93  692.500 1.0000 1.0000 1.0000 1.0000 1.0000 1.0000 1.0000
   94  693.125 1.0000 1.0000 1.0000 1.0000 1.0000 1.0000 1.0000
   95  693.750 1.0000 1.0000 1.0000 1.0000 1.0000 1.0000 1.0000
   96  694.375 1.0000 1.0000 1.0000 1.0000 1.0000 1.0000 1.0000
   97  695.000 1.0000 1.0000 1.0000 1.0000 1.0000 1.0000 1.0000
   98  695.625 1.0000 1.0000 1.0000 1.0000 1.0000 1.0000 1.0000
   99  696.250 1.0000 1.0000 1.0000 1.0000 1.0000 1.0000 1.0000
  100  696.875 1.0000 1.0000 1.0000 1.0000 1.0000 1.0000 1.0000
  101  697.500 1.0000 1.0000 1.0000 1.0000 1.0000 1.0000 1.0000
  102  698.125 1.0000 1.0000 1.0000 1.0000 1.0000 1.0000 1.0000
  103  698.750 1.0000 1.0000 1.0000 1.0000 1.0000 1.0000 1.0000
  104  699.375 1.0000 1.0000 1.0000 1.0000 1.0000 1.0000 1.0000
  105  700.000 1.0000 1.0000 1.0000 1.0000 1.0000 1.0000 1.0000
  106  700.625 1.0000 1.0000 1.0000 1.0000 1.0000 1.0000 1.0000
  107  701.250 1.0000 1.0000 1.0000 1.0000 1.0000 1.0000 1.0000
  108  701.875 1.0000 1.0000 1.0000 1.0000 1.0000 1.0000 1.0000
  109  702.500 1.0000 1.0000 1.0000 1.0000 1.0000 1.0000 1.0000
  110  703.125 1.0000 1.0000 1.0000 1.0000 1.0000 1.0000 1.0000
  111  703.750 1.0000 1.0000 1.0000 1.0000 1.0000 1.0000 1.0000
  112  704.375 1.0000 1.0000 1.0000 1.0000 1.0000 1.0000 1.0000
  113  705.000 1.0000 1.0000 1.0000 1.0000 1.0000 1.0000 1.0000
  114  705.625 1.0000 1.0000 1.0000 1.0000 1.0000 1.0000 1.0000
  115  706.250 1.0000 1.0000 1.0000 1.0000 1.0000 1.0000 1.0000
  116  706.875 1.0000 1.0000 1.0000 1.0000 1.0000 1.0000 1.0000
  117  707.500 1.0000 1.0000 1.0000 1.0000 1.0000 1.0000 1.0000
  118  708.125 1.0000 1.0000 1.0000 1.0000 1.0000 1.0000 1.0000
  119  708.750 1.0000 1.0000 1.0000 1.0000 1.0000 1.0000 1.0000
  120  709.375 1.0000 1.0000 1.0000 1.0000 1.0000 1.0000 1.0000
  121  710.000 1.0000 1.0000 1.0000 1.0000 1.0000 1.0000 1.0000
  122  710.625 1.0000 1.0000 1.0000 1.0000 1.0000 1.0000 1.0000
  123  711.250 1.0000 1.0000 1.0000 1.0000 1.0000 1.0000 1.0000
  124  711.875 1.0000 1.0000 1.0000 1.0000 1.0000 1.0000 1.0000
  125  712.500 1.0000 1.0000 1.0000 1.0000 1.0000 1.0000 1.0000
  126  713.125 1.0000 1.0000 1.0000 1.0000 1.0000 1.0000 1.0000
  127  713.750 1.0000 1.0000 1.0000 1.0000 1.0000 1.0000 1.0000
  128  714.375 1.0000 1.0000 1.0000 1.0000 1.0000 1.0000 1.0000
  129  715.000 1.0000 1.0000 1.0000 1.0000 1.0000 1.0000 1.0000
  130  715.625 1.0000 1.0000 1.0000 1.0000 1.0000 1.0000 1.0000
  131  716.250 1.0000 1.0000 1.0000 1.0000 1.0000 1.0000 1.0000
  132  716.875 1.0000 1.0000 1.0000 1.0000 1.0000 1.0000 1.0000
  133  717.500 1.0000 1.0000 1.0000 1.0000 1.0000 1.0000 1.0000
  134  718.125 1.0000 1.0000 1.0000 1.0000 1.0000 1.0000 1.0000
  135  718.750 1.0000 1.0000 1.0000 1.0000 1.0000 1.0000 1.0000
  136  719.375 1.0000 1.0000 1.0000 1.0000 1.0000 1.0000 1.0000
  137  720.000 1.0000 1.0000 1.0000 1.0000 1.0000 1.0000 1.0000
  138  720.625 1.0000 1.0000 1.0000 1.0000 1.0000 1.0000 1.0000
  139  721.250 1.0000 1.0000 1.0000 1.0000 1.0000 1.0000 1.0000
  140  721.875 1.0000 1.0000 1.0000 1.0000 1.0000 1.0000 1.0000
  141  722.500 1.0000 1.0000 1.0000 1.0000 1.0000 1.0000 1.0000
  142  723.125 1.0000 1.0000 1.0000 1.0000 1.0000 1.0000 1.0000
  143  723.750 1.0000 1.0000 1.0000 1.0000 1.0000 1.0000 1.0000
  144  724.375 1.0000 1.0000 1.0000 1.0000 1.0000 1.0000 1.0000
  145  725.000 1.0000 1.0000 1.0000 1.0000 1.0000 1.0000 1.0000
  146  725.625 1.0000 1.0000 1.0000 1.0000 1.0000 1.0000 1.0000
  147  726.250 1.0000 1.0000 1.0000 1.0000 1.0000 1.0000 1.0000
  148  726.875 1.0000 1.0000 1.0000 1.0000 1.0000 1.0000 1.0000
  149  727.500 1.0000 1.0000 1.0000 1.0000 1.0000 1.0000 1.0000
  150  728.125 1.0000 1.0000 1.0000 1.0000 1.0000 1.0000 1.0000
  151  728.750 1.0000 1.0000 1.0000 1.0000 1.0000 1.0000 1.0000
  152  729.375 1.0000 1.0000 1.0000 1.0000 1.0000 1.0000 1.0000
  153  730.000 1.0000 1.0000 1.0000 1.0000 1.0000 1.0000 1.0000
  154  730.625 1.0000 1.0000 1.0000 1.0000 1.0000 1.0000 1.0000
  155  731.250 1.0000 1.0000 1.0000 1.0000 1.0000 1.0000 1.0000
  156  731.875 1.0000 1.0000 1.0000 1.0000 1.0000 1.0000 1.0000
  157  732.500 1.0000 1.0000 1.0000 1.0000 1.0000 1.0000 1.0000
  158  733.125 1.0000 1.0000 1.0000 1.0000 1.0000 1.0000 1.0000
  159  733.750 1.0000 1.0000 1.0000 1.0000 1.0000 1.0000 1.0000
  160  734.375 1.0000 1.0000 1.0000 1.0000 1.0000 1.0000 1.0000
  161  735.000 1.0000 1.0000 1.0000 1.0000 1.0000 1.0000 1.0000
  162  735.625 1.0000 1.0000 1.0000 1.0000 1.0000 1.0000 1.0000
  163  736.250 1.0000 1.0000 1.0000 1.0000 1.0000 1.0000 1.0000
  164  736.875 1.0000 1.0000 1.0000 1.0000 1.0000 1.0000 1.0000
  165  737.500 1.0000 1.0000 1.0000 1.0000 1.0000 1.0000 1.0000
  166  738.125 1.0000 1.0000 1.0000 1.0000 1.0000 1.0000 1.0000
  167  738.750 1.0000 1.0000 1.0000 1.0000 1.0000 1.0000 1.0000
  168  739.375 1.0000 1.0000 1.0000 1.0000 1.0000 1.0000 1.0000
  169  740.000 1.0000 1.0000 1.0000 1.0000 1.0000 1.0000 1.0000
  170  740.625 1.0000 1.0000 1.0000 1.0000 1.0000 1.0000 1.0000
  171  741.250 1.0000 1.0000 1.0000 1.0000 1.0000 1.0000 1.0000
  172  741.875 1.0000 1.0000 1.0000 1.0000 1.0000 1.0000 1.0000
  173  742.500 1.0000 1.0000 1.0000 1.0000 1.0000 1.0000 1.0000
  174  743.125 1.0000 1.0000 1.0000 1.0000 1.0000 1.0000 1.0000
  175  743.750 1.0000 1.0000 1.0000 1.0000 1.0000 1.0000 1.0000
  176  744.375 1.0000 1.0000 1.0000 1.0000 1.0000 1.0000 1.0000
  177  745.000 1.0000 1.0000 1.0000 1.0000 1.0000 1.0000 1.0000
  178  745.625 1.0000 1.0000 1.0000 1.0000 1.0000 1.0000 1.0000
  179  746.250 1.0000 1.0000 1.0000 1.0000 1.0000 1.0000 1.0000
  180  746.875 1.0000 1.0000 1.0000 1.0000 1.0000 1.0000 1.0000
  181  747.500 1.0000 1.0000 1.0000 1.0000 1.0000 1.0000 1.0000
  182  748.125 1.0000 1.0000 1.0000 1.0000 1.0000 1.0000 1.0000
  183  748.750 1.0000 1.0000 1.0000 1.0000 1.0000 1.0000 1.0000
  184  749.375 1.0000 1.0000 1.0000 1.0000 1.0000 1.0000 1.0000
  185  750.000 1.0000 1.0000 1.0000 1.0000 1.0000 1.0000 1.0000
  186  750.625 1.0000 1.0000 1.0000 1.0000 1.0000 1.0000 1.0000
  187  751.250 1.0000 1.0000 1.0000 1.0000 1.0000 1.0000 1.0000
  188  751.875 1.0000 1.0000 1.0000 1.0000 1.0000 1.0000 1.0000
  189  752.500 1.0000 1.0000 1.0000 1.0000 1.0000 1.0000 1.0000
  190  753.125 1.0000 1.0000 1.0000 1.0000 1.0000 1.0000 1.0000
  191  753.750 1.0000 1.0000 1.0000 1.0000 1.0000 1.0000 1.0000
  192  754.375 1.0000 1.0000 1.0000 1.0000 1.0000 1.0000 1.0000
  193  755.000 1.0000 1.0000 1.0000 1.0000 1.0000 1.0000 1.0000
  194  755.625 1.0000 1.0000 1.0000 1.0000 1.0000 1.0000 1.0000
  195  756.250 1.0000 1.0000 1.0000 1.0000 1.0000 1.0000 1.0000
  196  756.875 1.0000 1.0000 1.0000 1.0000 1.0000 1.0000 1.0000
  197  757.500 1.0000 1.0000 1.0000 1.0000 1.0000 1.0000 1.0000
  198  758.125 1.0000 1.0000 1.0000 1.0000 1.0000 1.0000 1.0000
  199  758.750 1.0000 1.0000 1.0000 1.0000 1.0000 1.0000 1.0000
  200  759.375 1.0000 1.0000 1.0000 1.0000 1.0000 1.0000 1.0000
  201  760.000 1.0000 1.0000 1.0000 1.0000 1.0000 1.0000 1.0000
  202  760.625 1.0000 1.0000 1.0000 1.0000 1.0000 1.0000 1.0000
  203  761.250 1.0000 1.0000 1.0000 1.0000 1.0000 1.0000 1.0000
  204  761.875 1.0000 1.0000 1.0000 1.0000 1.0000 1.0000 1.0000
  205  762.500 1.0000 1.0000 1.0000 1.0000 1.0000 1.0000 1.0000
  206  763.125 1.0000 1.0000 1.0000 1.0000 1.0000 1.0000 1.0000
  207  763.750 1.0000 1.0000 1.0000 1.0000 1.0000 1.0000 1.0000
  208  764.375 1.0000 1.0000 1.0000 1.0000 1.0000 1.0000 1.0000
  209  765.000 1.0000 1.0000 1.0000 1.0000 1.0000 1.0000 1.0000
  210  765.625 1.0000 1.0000 1.0000 1.0000 1.0000 1.0000 1.0000
  211  766.250 1.0000 1.0000 1.0000 1.0000 1.0000 1.0000 1.0000
  212  766.875 1.0000 1.0000 1.0000 1.0000 1.0000 1.0000 1.0000
  213  767.500 1.0000 1.0000 1.0000 1.0000 1.0000 1.0000 1.0000
  214  768.125 1.0000 1.0000 1.0000 1.0000 1.0000 1.0000 1.0000
  215  768.750 1.0000 1.0000 1.0000 1.0000 1.0000 1.0000 1.0000
  216  769.375 1.0000 1.0000 1.0000 1.0000 1.0000 1.0000 1.0000
  217  770.000 1.0000 1.0000 1.0000 1.0000 1.0000 1.0000 1.0000
  218  770.625 1.0000 1.0000 1.0000 1.0000 1.0000 1.0000 1.0000
  219  771.250 1.0000 1.0000 1.0000 1.0000 1.0000 1.0000 1.0000
  220  771.875 1.0000 1.0000 1.0000 1.0000 1.0000 1.0000 1.0000
  221  772.500 1.0000 1.0000 1.0000 1.0000 1.0000 1.0000 1.0000
  222  773.125 1.0000 1.0000 1.0000 1.0000 1.0000 1.0000 1.0000
  223  773.750 1.0000 1.0000 1.0000 1.0000 1.0000 1.0000 1.0000
  224  774.375 1.0000 1.0000 1.0000 1.0000 1.0000 1.0000 1.0000
  225  775.000 1.0000 1.0000 1.0000 1.0000 1.0000 1.0000 1.0000
  226  775.625 1.0000 1.0000 1.0000 1.0000 1.0000 1.0000 1.0000
  227  776.250 1.0000 1.0000 1.0000 1.0000 1.0000 1.0000 1.0000
  228  776.875 1.0000 1.0000 1.0000 1.0000 1.0000 1.0000 1.0000
  229  777.500 1.0000 1.0000 1.0000 1.0000 1.0000 1.0000 1.0000
  230  778.125 1.0000 1.0000 1.0000 1.0000 1.0000 1.0000 1.0000
  231  778.750 1.0000 1.0000 1.0000 1.0000 1.0000 1.0000 1.0000
  232  779.375 1.0000 1.0000 1.0000 1.0000 1.0000 1.0000 1.0000
  233  780.000 1.0000 1.0000 1.0000 1.0000 1.0000 1.0000 1.0000
  234  780.625 1.0000 1.0000 1.0000 1.0000 1.0000 1.0000 1.0000
  235  781.250 1.0000 1.0000 1.0000 1.0000 1.0000 1.0000 1.0000
  236  781.875 1.0000 1.0000 1.0000 1.0000 1.0000 1.0000 1.0000
  237  782.500 1.0000 1.0000 1.0000 1.0000 1.0000 1.0000 1.0000
  238  783.125 1.0000 1.0000 1.0000 1.0000 1.0000 1.0000 1.0000
  239  783.750 1.0000 1.0000 1.0000 1.0000 1.0000 1.0000 1.0000
  240  784.375 1.0000 1.0000 1.0000 1.0000 1.0000 1.0000 1.0000
  241  785.000 1.0000 1.0000 1.0000 1.0000 1.0000 1.0000 1.0000
  242  785.625 1.0000 1.0000 1.0000 1.0000 1.0000 1.0000 1.0000
  243  786.250 1.0000 1.0000 1.0000 1.0000 1.0000 1.0000 1.0000
  244  786.875 1.0000 1.0000 1.0000 1.0000 1.0000 1.0000 1.0000
  245  787.500 1.0000 1.0000 1.0000 1.0000 1.0000 1.0000 1.0000
  246  788.125 1.0000 1.0000 1.0000 1.0000 1.0000 1.0000 1.0000
  247  788.750 1.0000 1.0000 1.0000 1.0000 1.0000 1.0000 1.0000
  248  789.375 1.0000 1.0000 1.0000 1.0000 1.0000 1.0000 1.0000
  249  790.000 1.0000 1.0000 1.0000 1.0000 1.0000 1.0000 1.0000
  250  790.625 1.0000 1.0000 1.0000 1.0000 1.0000 1.0000 1.0000
  251  791.250 1.0000 1.0000 1.0000 1.0000 1.0000 1.0000 1.0000
  252  791.875 1.0000 1.0000 1.0000 1.0000 1.0000 1.0000 1.0000
  253  792.500 1.0000 1.0000 1.0000 1.0000 1.0000 1.0000 1.0000
  254  793.125 1.0000 1.0000 1.0000 1.0000 1.0000 1.0000 1.0000
  255  793.750 1.0000 1.0000 1.0000 1.0000 1.0000 1.0000 1.0000
  256  794.375 1.0000 1.0000 1.0000 1.0000 1.0000 1.0000 1.0000
  257  795.000 1.0000 1.0000 1.0000 1.0000 1.0000 1.0000 1.0000
  258  795.625 1.0000 1.0000 1.0000 1.0000 1.0000 1.0000 1.0000
  259  796.250 1.0000 1.0000 1.0000 1.0000 1.0000 1.0000 1.0000
  260  796.875 1.0000 1.0000 1.0000 1.0000 1.0000 1.0000 1.0000
  261  797.500 1.0000 1.0000 1.0000 1.0000 1.0000 1.0000 1.0000
  262  798.125 1.0000 1.0000 1.0000 1.0000 1.0000 1.0000 1.0000
  263  798.750 1.0000 1.0000 1.0000 1.0000 1.0000 1.0000 1.0000
  264  799.375 1.0000 1.0000 1.0000 1.0000 1.0000 1.0000 1.0000
  265  800.000 1.0000 1.0000 1.0000 1.0000 1.0000 1.0000 1.0000
  266  800.625 1.0000 1.0000 1.0000 1.0000 1.0000 1.0000 1.0000
  267  801.250 1.0000 1.0000 1.0000 1.0000 1.0000 1.0000 1.0000
  268  801.875 1.0000 1.0000 1.0000 1.0000 1.0000 1.0000 1.0000
  269  802.500 1.0000 1.0000 1.0000 1.0000 1.0000 1.0000 1.0000
  270  803.125 1.0000 1.0000 1.0000 1.0000 1.0000 1.0000 1.0000
  271  803.750 1.0000 1.0000 1.0000 1.0000 1.0000 1.0000 1.0000
  272  804.375 1.0000 1.0000 1.0000 1.0000 1.0000 1.0000 1.0000
  273  805.000 1.0000 1.0000 1.0000 1.0000 1.0000 1.0000 1.0000
  274  805.625 1.0000 1.0000 1.0000 1.0000 1.0000 1.0000 1.0000
  275  806.250 1.0000 1.0000 1.0000 1.0000 1.0000 1.0000 1.0000
  276  806.875 1.0000 1.0000 1.0000 1.0000 1.0000 1.0000 1.0000
  277  807.500 1.0000 1.0000 1.0000 1.0000 1.0000 1.0000 1.0000
  278  808.125 1.0000 1.0000 1.0000 1.0000 1.0000 1.0000 1.0000
  279  808.750 1.0000 1.0000 1.0000 1.0000 1.0000 1.0000 1.0000
  280  809.375 1.0000 1.0000 1.0000 1.0000 1.0000 1.0000 1.0000
  281  810.000 1.0000 1.0000 1.0000 1.0000 1.0000 1.0000 1.0000
  282  810.625 1.0000 1.0000 1.0000 1.0000 1.0000 1.0000 1.0000
  283  811.250 1.0000 1.0000 1.0000 1.0000 1.0000 1.0000 1.0000
  284  811.875 1.0000 1.0000 1.0000 1.0000 1.0000 1.0000 1.0000
  285  812.500 1.0000 1.0000 1.0000 1.0000 1.0000 1.0000 1.0000
  286  813.125 1.0000 1.0000 1.0000 1.0000 1.0000 1.0000 1.0000
  287  813.750 1.0000 1.0000 1.0000 1.0000 1.0000 1.0000 1.0000
  288  814.375 1.0000 1.0000 1.0000 1.0000 1.0000 1.0000 1.0000
  289  815.000 1.0000 1.0000 1.0000 1.0000 1.0000 1.0000 1.0000
  290  815.625 1.0000 1.0000 1.0000 1.0000 1.0000 1.0000 1.0000
  291  816.250 1.0000 1.0000 1.0000 1.0000 1.0000 1.0000 1.0000
  292  816.875 1.0000 1.0000 1.0000 1.0000 1.0000 1.0000 1.0000
  293  817.500 1.0000 1.0000 1.0000 1.0000 1.0000 1.0000 1.0000
  294  818.125 1.0000 1.0000 1.0000 1.0000 1.0000 1.0000 1.0000
  295  818.750 1.0000 1.0000 1.0000 1.0000 1.0000 1.0000 1.0000
  296  819.375 1.0000 1.0000 1.0000 1.0000 1.0000 1.0000 1.0000
  297  820.000 1.0000 1.0000 1.0000 1.0000 1.0000 1.0000 1.0000
  298  820.625 1.0000 1.0000 1.0000 1.0000 1.0000 1.0000 1.0000
  299  821.250 1.0000 1.0000 1.0000 1.0000 1.0000 1.0000 1.0000
  300  821.875 1.0000 1.0000 1.0000 1.0000 1.0000 1.0000 1.0000
  301  822.500 1.0000 1.0000 1.0000 1.0000 1.0000 1.0000 1.0000
  302  823.125 1.0000 1.0000 1.0000 1.0000 1.0000 1.0000 1.0000
  303  823.750 1.0000 1.0000 1.0000 1.0000 1.0000 1.0000 1.0000
  304  824.375 1.0000 1.0000 1.0000 1.0000 1.0000 1.0000 1.0000
  305  825.000 1.0000 1.0000 1.0000 1.0000 1.0000 1.0000 1.0000
  306  825.625 1.0000 1.0000 1.0000 1.0000 1.0000 1.0000 1.0000
  307  826.250 1.0000 1.0000 1.0000 1.0000 1.0000 1.0000 1.0000
  308  826.875 1.0000 1.0000 1.0000 1.0000 1.0000 1.0000 1.0000
  309  827.500 1.0000 1.0000 1.0000 1.0000 1.0000 1.0000 1.0000
  310  828.125 1.0000 1.0000 1.0000 1.0000 1.0000 1.0000 1.0000
  311  828.750 1.0000 1.0000 1.0000 1.0000 1.0000 1.0000 1.0000
  312  829.375 1.0000 1.0000 1.0000 1.0000 1.0000 1.0000 1.0000
  313  830.000 1.0000 1.0000 1.0000 1.0000 1.0000 1.0000 1.0000
  314  830.625 1.0000 1.0000 1.0000 1.0000 1.0000 1.0000 1.0000
  315  831.250 1.0000 1.0000 1.0000 1.0000 1.0000 1.0000 1.0000
  316  831.875 1.0000 1.0000 1.0000 1.0000 1.0000 1.0000 1.0000
  317  832.500 1.0000 1.0000 1.0000 1.0000 1.0000 1.0000 1.0000
  318  833.125 1.0000 1.0000 1.0000 1.0000 1.0000 1.0000 1.0000
  319  833.750 1.0000 1.0000 1.0000 1.0000 1.0000 1.0000 1.0000
  320  834.375 1.0000 1.0000 1.0000 1.0000 1.0000 1.0000 1.0000
  321  835.000 1.0000 1.0000 1.0000 1.0000 1.0000 1.0000 1.0000
  322  835.625 1.0000 1.0000 1.0000 1.0000 1.0000 1.0000 1.0000
  323  836.250 1.0000 1.0000 1.0000 1.0000 1.0000 1.0000 1.0000
  324  836.875 1.0000 1.0000 1.0000 1.0000 1.0000 1.0000 1.0000
  325  837.500 1.0000 1.0000 1.0000 1.0000 1.0000 1.0000 1.0000
  326  838.125 1.0000 1.0000 1.0000 1.0000 1.0000 1.0000 1.0000
  327  838.750 1.0000 1.0000 1.0000 1.0000 1.0000 1.0000 1.0000
  328  839.375 1.0000 1.0000 1.0000 1.0000 1.0000 1.0000 1.0000
  329  840.000 1.0000 1.0000 1.0000 1.0000 1.0000 1.0000 1.0000
  330  840.625 1.0000 1.0000 1.0000 1.0000 1.0000 1.0000 1.0000
  331  841.250 1.0000 1.0000 1.0000 1.0000 1.0000 1.0000 1.0000
  332  841.875 1.0000 1.0000 1.0000 1.0000 1.0000 1.0000 1.0000
  333  842.500 1.0000 1.0000 1.0000 1.0000 1.0000 1.0000 1.0000
  334  843.125 1.0000 1.0000 1.0000 1.0000 1.0000 1.0000 1.0000
  335  843.750 1.0000 1.0000 1.0000 1.0000 1.0000 1.0000 1.0000
  336  844.375 1.0000 1.0000 1.0000 1.0000 1.0000 1.0000 1.0000
  337  845.000 1.0000 1.0000 1.0000 1.0000 1.0000 1.0000 1.0000
  338  845.625 1.0000 1.0000 1.0000 1.0000 1.0000 1.0000 1.0000
  339  846.250 1.0000 1.0000 1.0000 1.0000 1.0000 1.0000 1.0000
  340  846.875 1.0000 1.0000 1.0000 1.0000 1.0000 1.0000 1.0000
  341  847.500 1.0000 1.0000 1.0000 1.0000 1.0000 1.0000 1.0000
  342  848.125 1.0000 1.0000 1.0000 1.0000 1.0000 1.0000 1.0000
  343  848.750 1.0000 1.0000 1.0000 1.0000 1.0000 1.0000 1.0000
  344  849.375 1.0000 1.0000 1.0000 1.0000 1.0000 1.0000 1.0000
  345  850.000 1.0000 1.0000 1.0000 1.0000 1.0000 1.0000 1.0000
  346  850.625 1.0000 1.0000 1.0000 1.0000 1.0000 1.0000 1.0000
  347  851.250 1.0000 1.0000 1.0000 1.0000 1.0000 1.0000 1.0000
  348  851.875 1.0000 1.0000 1.0000 1.0000 1.0000 1.0000 1.0000
  349  852.500 1.0000 1.0000 1.0000 1.0000 1.0000 1.0000 1.0000
  350  853.125 1.0000 1.0000 1.0000 1.0000 1.0000 1.0000 1.0000
  351  853.750 1.0000 1.0000 1.0000 1.0000 1.0000 1.0000 1.0000
  352  854.375 1.0000 1.0000 1.0000 1.0000 1.0000 1.0000 1.0000
  353  855.000 1.0000 1.0000 1.0000 1.0000 1.0000 1.0000 1.0000
  354  855.625 1.0000 1.0000 1.0000 1.0000 1.0000 1.0000 1.0000
  355  856.250 1.0000 1.0000 1.0000 1.0000 1.0000 1.0000 1.0000
  356  856.875 1.0000 1.0000 1.0000 1.0000 1.0000 1.0000 1.0000
  357  857.500 1.0000 1.0000 1.0000 1.0000 1.0000 1.0000 1.0000
  358  858.125 1.0000 1.0000 1.0000 1.0000 1.0000 1.0000 1.0000
  359  858.750 1.0000 1.0000 1.0000 1.0000 1.0000 1.0000 1.0000
  360  859.375 1.0000 1.0000 1.0000 1.0000 1.0000 1.0000 1.0000
  361  860.000 1.0000 1.0000 1.0000 1.0000 1.0000 1.0000 1.0000
  362  860.625 1.0000 1.0000 1.0000 1.0000 1.0000 1.0000 1.0000
  363  861.250 1.0000 1.0000 1.0000 1.0000 1.0000 1.0000 1.0000
  364  861.875 1.0000 1.0000 1.0000 1.0000 1.0000 1.0000 1.0000
  365  862.500 1.0000 1.0000 1.0000 1.0000 1.0000 1.0000 1.0000
  366  863.125 1.0000 1.0000 1.0000 1.0000 1.0000 1.0000 1.0000
  367  863.750 1.0000 1.0000 1.0000 1.0000 1.0000 1.0000 1.0000
  368  864.375 1.0000 1.0000 1.0000 1.0000 1.0000 1.0000 1.0000
  369  865.000 1.0000 1.0000 1.0000 1.0000 1.0000 1.0000 1.0000
  370  865.625 1.0000 1.0000 1.0000 1.0000 1.0000 1.0000 1.0000
  371  866.250 1.0000 1.0000 1.0000 1.0000 1.0000 1.0000 1.0000
  372  866.875 1.0000 1.0000 1.0000 1.0000 1.0000 1.0000 1.0000
  373  867.500 1.0000 1.0000 1.0000 1.0000 1.0000 1.0000 1.0000
  374  868.125 1.0000 1.0000 1.0000 1.0000 1.0000 1.0000 1.0000
  375  868.750 1.0000 1.0000 1.0000 1.0000 1.0000 1.0000 1.0000
  376  869.375 1.0000 1.0000 1.0000 1.0000 1.0000 1.0000 1.0000
  377  870.000 1.0000 1.0000 1.0000 1.0000 1.0000 1.0000 1.0000
  378  870.625 1.0000 1.0000 1.0000 1.0000 1.0000 1.0000 1.0000
  379  871.250 1.0000 1.0000 1.0000 1.0000 1.0000 1.0000 1.0000
  380  871.875 1.0000 1.0000 1.0000 1.0000 1.0000 1.0000 1.0000
  381  872.500 1.0000 1.0000 1.0000 1.0000 1.0000 1.0000 1.0000
  382  873.125 1.0000 1.0000 1.0000 1.0000 1.0000 1.0000 1.0000
  383  873.750 1.0000 1.0000 1.0000 1.0000 1.0000 1.0000 1.0000
  384  874.375 1.0000 1.0000 1.0000 1.0000 1.0000 1.0000 1.0000
  385  875.000 1.0000 1.0000 1.0000 1.0000 1.0000 1.0000 1.0000
  386  875.625 1.0000 1.0000 1.0000 1.0000 1.0000 1.0000 1.0000
  387  876.250 1.0000 1.0000 1.0000 1.0000 1.0000 1.0000 1.0000
  388  876.875 1.0000 1.0000 1.0000 1.0000 1.0000 1.0000 1.0000
  389  877.500 1.0000 1.0000 1.0000 1.0000 1.0000 1.0000 1.0000
  390  878.125 1.0000 1.0000 1.0000 1.0000 1.0000 1.0000 1.0000
  391  878.750 1.0000 1.0000 1.0000 1.0000 1.0000 1.0000 1.0000
  392  879.375 1.0000 1.0000 1.0000 1.0000 1.0000 1.0000 1.0000
  393  880.000 1.0000 1.0000 1.0000 1.0000 1.0000 1.0000 1.0000
  394  880.625 1.0000 1.0000 1.0000 1.0000 1.0000 1.0000 1.0000
  395  881.250 1.0000 1.0000 1.0000 1.0000 1.0000 1.0000 1.0000
  396  881.875 1.0000 1.0000 1.0000 1.0000 1.0000 1.0000 1.0000
  397  882.500 1.0000 1.0000 1.0000 1.0000 1.0000 1.0000 1.0000
  398  883.125 1.0000 1.0000 1.0000 1.0000 1.0000 1.0000 1.0000
  399  883.750 1.0000 1.0000 1.0000 1.0000 1.0000 1.0000 1.0000
  400  884.375 1.0000 1.0000 1.0000 1.0000 1.0000 1.0000 1.0000
  401  885.000 1.0000 1.0000 1.0000 1.0000 1.0000 1.0000 1.0000
  402  885.625 1.0000 1.0000 1.0000 1.0000 1.0000 1.0000 1.0000
  403  886.250 1.0000 1.0000 1.0000 1.0000 1.0000 1.0000 1.0000
  404  886.875 1.0000 1.0000 1.0000 1.0000 1.0000 1.0000 1.0000
  405  887.500 1.0000 1.0000 1.0000 1.0000 1.0000 1.0000 1.0000
  406  888.125 1.0000 1.0000 1.0000 1.0000 1.0000 1.0000 1.0000
  407  888.750 1.0000 1.0000 1.0000 1.0000 1.0000 1.0000 1.0000
  408  889.375 1.0000 1.0000 1.0000 1.0000 1.0000 1.0000 1.0000
  409  890.000 1.0000 1.0000 1.0000 1.0000 1.0000 1.0000 1.0000
  410  890.625 1.0000 1.0000 1.0000 1.0000 1.0000 1.0000 1.0000
  411  891.250 1.0000 1.0000 1.0000 1.0000 1.0000 1.0000 1.0000
  412  891.875 1.0000 1.0000 1.0000 1.0000 1.0000 1.0000 1.0000
  413  892.500 1.0000 1.0000 1.0000 1.0000 1.0000 1.0000 1.0000
  414  893.125 1.0000 1.0000 1.0000 1.0000 1.0000 1.0000 1.0000
  415  893.750 1.0000 1.0000 1.0000 1.0000 1.0000 1.0000 1.0000
  416  894.375 1.0000 1.0000 1.0000 1.0000 1.0000 1.0000 1.0000
  417  895.000 1.0000 1.0000 1.0000 1.0000 1.0000 1.0000 1.0000
  418  895.625 1.0000 1.0000 1.0000 1.0000 1.0000 1.0000 1.0000
  419  896.250 1.0000 1.0000 1.0000 1.0000 1.0000 1.0000 1.0000
  420  896.875 1.0000 1.0000 1.0000 1.0000 1.0000 1.0000 1.0000
  421  897.500 1.0000 1.0000 1.0000 1.0000 1.0000 1.0000 1.0000
  422  898.125 1.0000 1.0000 1.0000 1.0000 1.0000 1.0000 1.0000
  423  898.750 1.0000 1.0000 1.0000 1.0000 1.0000 1.0000 1.0000
  424  899.375 1.0000 1.0000 1.0000 1.0000 1.0000 1.0000 1.0000
  425  900.000 1.0000 1.0000 1.0000 1.0000 1.0000 1.0000 1.0000
  426  900.625 1.0000 1.0000 1.0000 1.0000 1.0000 1.0000 1.0000
  427  901.250 1.0000 1.0000 1.0000 1.0000 1.0000 1.0000 1.0000
  428  901.875 1.0000 1.0000 1.0000 1.0000 1.0000 1.0000 1.0000
  429  902.500 1.0000 1.0000 1.0000 1.0000 1.0000 1.0000 1.0000
  430  903.125 1.0000 1.0000 1.0000 1.0000 1.0000 1.0000 1.0000
  431  903.750 1.0000 1.0000 1.0000 1.0000 1.0000 1.0000 1.0000
  432  904.375 1.0000 1.0000 1.0000 1.0000 1.0000 1.0000 1.0000
  433  905.000 1.0000 1.0000 1.0000 1.0000 1.0000 1.0000 1.0000
  434  905.625 1.0000 1.0000 1.0000 1.0000 1.0000 1.0000 1.0000
  435  906.250 1.0000 1.0000 1.0000 1.0000 1.0000 1.0000 1.0000
  436  906.875 1.0000 1.0000 1.0000 1.0000 1.0000 1.0000 1.0000
  437  907.500 1.0000 1.0000 1.0000 1.0000 1.0000 1.0000 1.0000
  438  908.125 1.0000 1.0000 1.0000 1.0000 1.0000 1.0000 1.0000
  439  908.750 1.0000 1.0000 1.0000 1.0000 1.0000 1.0000 1.0000
  440  909.375 1.0000 1.0000 1.0000 1.0000 1.0000 1.0000 1.0000
  441  910.000 1.0000 1.0000 1.0000 1.0000 1.0000 1.0000 1.0000
  442  910.625 1.0000 1.0000 1.0000 1.0000 1.0000 1.0000 1.0000
  443  911.250 1.0000 1.0000 1.0000 1.0000 1.0000 1.0000 1.0000
  444  911.875 1.0000 1.0000 1.0000 1.0000 1.0000 1.0000 1.0000
  445  912.500 1.0000 1.0000 1.0000 1.0000 1.0000 1.0000 1.0000
  446  913.125 1.0000 1.0000 1.0000 1.0000 1.0000 1.0000 1.0000
  447  913.750 1.0000 1.0000 1.0000 1.0000 1.0000 1.0000 1.0000
  448  914.375 1.0000 1.0000 1.0000 1.0000 1.0000 1.0000 1.0000
  449  915.000 1.0000 1.0000 1.0000 1.0000 1.0000 1.0000 1.0000
  450  915.625 1.0000 1.0000 1.0000 1.0000 1.0000 1.0000 1.0000
  451  916.250 1.0000 1.0000 1.0000 1.0000 1.0000 1.0000 1.0000
  452  916.875 1.0000 1.0000 1.0000 1.0000 1.0000 1.0000 1.0000
  453  917.500 1.0000 1.0000 1.0000 1.0000 1.0000 1.0000 1.0000
  454  918.125 1.0000 1.0000 1.0000 1.0000 1.0000 1.0000 1.0000
  455  918.750 1.0000 1.0000 1.0000 1.0000 1.0000 1.0000 1.0000
  456  919.375 1.0000 1.0000 1.0000 1.0000 1.0000 1.0000 1.0000
  457  920.000 1.0000 1.0000 1.0000 1.0000 1.0000 1.0000 1.0000
  458  920.625 1.0000 1.0000 1.0000 1.0000 1.0000 1.0000 1.0000
  459  921.250 1.0000 1.0000 1.0000 1.0000 1.0000 1.0000 1.0000
  460  921.875 1.0000 1.0000 1.0000 1.0000 1.0000 1.0000 1.0000
  461  922.500 1.0000 1.0000 1.0000 1.0000 1.0000 1.0000 1.0000
  462  923.125 1.0000 1.0000 1.0000 1.0000 1.0000 1.0000 1.0000
  463  923.750 1.0000 1.0000 1.0000 1.0000 1.0000 1.0000 1.0000
  464  924.375 1.0000 1.0000 1.0000 1.0000 1.0000 1.0000 1.0000
  465  925.000 1.0000 1.0000 1.0000 1.0000 1.0000 1.0000 1.0000
  466  925.625 1.0000 1.0000 1.0000 1.0000 1.0000 1.0000 1.0000
  467  926.250 1.0000 1.0000 1.0000 1.0000 1.0000 1.0000 1.0000
  468  926.875 1.0000 1.0000 1.0000 1.0000 1.0000 1.0000 1.0000
  469  927.500 1.0000 1.0000 1.0000 1.0000 1.0000 1.0000 1.0000
  470  928.125 1.0000 1.0000 1.0000 1.0000 1.0000 1.0000 1.0000
  471  928.750 1.0000 1.0000 1.0000 1.0000 1.0000 1.0000 1.0000
  472  929.375 1.0000 1.0000 1.0000 1.0000 1.0000 1.0000 1.0000
  473  930.000 1.0000 1.0000 1.0000 1.0000 1.0000 1.0000 1.0000
  474  930.625 1.0000 1.0000 1.0000 1.0000 1.0000 1.0000 1.0000
  475  931.250 1.0000 1.0000 1.0000 1.0000 1.0000 1.0000 1.0000
  476  931.875 1.0000 1.0000 1.0000 1.0000 1.0000 1.0000 1.0000
  477  932.500 1.0000 1.0000 1.0000 1.0000 1.0000 1.0000 1.0000
  478  933.125 1.0000 1.0000 1.0000 1.0000 1.0000 1.0000 1.0000
  479  933.750 1.0000 1.0000 1.0000 1.0000 1.0000 1.0000 1.0000
  480  934.375 1.0000 1.0000 1.0000 1.0000 1.0000 1.0000 1.0000
  481  935.000 1.0000 1.0000 1.0000 1.0000 1.0000 1.0000 1.0000
  482  935.625 1.0000 1.0000 1.0000 1.0000 1.0000 1.0000 1.0000
  483  936.250 1.0000 1.0000 1.0000 1.0000 1.0000 1.0000 1.0000
  484  936.875 1.0000 1.0000 1.0000 1.0000 1.0000 1.0000 1.0000
  485  937.500 1.0000 1.0000 1.0000 1.0000 1.0000 1.0000 1.0000
  486  938.125 1.0000 1.0000 1.0000 1.0000 1.0000 1.0000 1.0000
  487  938.750 1.0000 1.0000 1.0000 1.0000 1.0000 1.0000 1.0000
  488  939.375 1.0000 1.0000 1.0000 1.0000 1.0000 1.0000 1.0000
  489  940.000 1.0000 1.0000 1.0000 1.0000 1.0000 1.0000 1.0000
  490  940.625 1.0000 1.0000 1.0000 1.0000 1.0000 1.0000 1.0000
  491  941.250 1.0000 1.0000 1.0000 1.0000 1.0000 1.0000 1.0000
  492  941.875 1.0000 1.0000 1.0000 1.0000 1.0000 1.0000 1.0000
  493  942.500 1.0000 1.0000 1.0000 1.0000 1.0000 1.0000 1.0000
  494  943.125 1.0000 1.0000 1.0000 1.0000 1.0000 1.0000 1.0000
  495  943.750 1.0000 1.0000 1.0000 1.0000 1.0000 1.0000 1.0000
  496  944.375 1.0000 1.0000 1.0000 1.0000 1.0000 1.0000 1.0000
  497  945.000 1.0000 1.0000 1.0000 1.0000 1.0000 1.0000 1.0000
  498  945.625 1.0000 1.0000 1.0000 1.0000 1.0000 1.0000 1.0000
  499  946.250 1.0000 1.0000 1.0000 1.0000 1.0000 1.0000 1.0000
  500  946.875 1.0000 1.0000 1.0000 1.0000 1.0000 1.0000 1.0000
  501  947.500 1.0000 1.0000 1.0000 1.0000 1.0000 1.0000 1.0000
  502  948.125 1.0000 1.0000 1.0000 1.0000 1.0000 1.0000 1.0000
  503  948.750 1.0000 1.0000 1.0000 1.0000 1.0000 1.0000 1.0000
  504  949.375 1.0000 1.0000 1.0000 1.0000 1.0000 1.0000 1.0000
  505  950.000 1.0000 1.0000 1.0000 1.0000 1.0000 1.0000 1.0000
  506  950.625 1.0000 1.0000 1.0000 1.0000 1.0000 1.0000 1.0000
  507  951.250 1.0000 1.0000 1.0000 1.0000 1.0000 1.0000 1.0000
  508  951.875 1.0000 1.0000 1.0000 1.0000 1.0000 1.0000 1.0000
  509  952.500 1.0000 1.0000 1.0000 1.0000 1.0000 1.0000 1.0000
  510  953.125 1.0000 1.0000 1.0000 1.0000 1.0000 1.0000 1.0000
  511  953.750 1.0000 1.0000 1.0000 1.0000 1.0000 1.0000 1.0000
  512  954.375 1.0000 1.0000 1.0000 1.0000 1.0000 1.0000 1.0000
  513  955.000 1.0000 1.0000 1.0000 1.0000 1.0000 1.0000 1.0000
  514  955.625 1.0000 1.0000 1.0000 1.0000 1.0000 1.0000 1.0000
  515  956.250 1.0000 1.0000 1.0000 1.0000 1.0000 1.0000 1.0000
  516  956.875 1.0000 1.0000 1.0000 1.0000 1.0000 1.0000 1.0000
  517  957.500 1.0000 1.0000 1.0000 1.0000 1.0000 1.0000 1.0000
  518  958.125 1.0000 1.0000 1.0000 1.0000 1.0000 1.0000 1.0000
  519  958.750 1.0000 1.0000 1.0000 1.0000 1.0000 1.0000 1.0000
  520  959.375 1.0000 1.0000 1.0000 1.0000 1.0000 1.0000 1.0000
  521  960.000 1.0000 1.0000 1.0000 1.0000 1.0000 1.0000 1.0000
  522  960.625 1.0000 1.0000 1.0000 1.0000 1.0000 1.0000 1.0000
  523  961.250 1.0000 1.0000 1.0000 1.0000 1.0000 1.0000 1.0000
  524  961.875 1.0000 1.0000 1.0000 1.0000 1.0000 1.0000 1.0000
  525  962.500 1.0000 1.0000 1.0000 1.0000 1.0000 1.0000 1.0000
  526  963.125 1.0000 1.0000 1.0000 1.0000 1.0000 1.0000 1.0000
  527  963.750 1.0000 1.0000 1.0000 1.0000 1.0000 1.0000 1.0000
  528  964.375 1.0000 1.0000 1.0000 1.0000 1.0000 1.0000 1.0000
  529  965.000 1.0000 1.0000 1.0000 1.0000 1.0000 1.0000 1.0000
  530  965.625 1.0000 1.0000 1.0000 1.0000 1.0000 1.0000 1.0000
  531  966.250 1.0000 1.0000 1.0000 1.0000 1.0000 1.0000 1.0000
  532  966.875 1.0000 1.0000 1.0000 1.0000 1.0000 1.0000 1.0000
  533  967.500 1.0000 1.0000 1.0000 1.0000 1.0000 1.0000 1.0000
  534  968.125 1.0000 1.0000 1.0000 1.0000 1.0000 1.0000 1.0000
  535  968.750 1.0000 1.0000 1.0000 1.0000 1.0000 1.0000 1.0000
  536  969.375 1.0000 1.0000 1.0000 1.0000 1.0000 1.0000 1.0000
  537  970.000 1.0000 1.0000 1.0000 1.0000 1.0000 1.0000 1.0000
  538  970.625 1.0000 1.0000 1.0000 1.0000 1.0000 1.0000 1.0000
  539  971.250 1.0000 1.0000 1.0000 1.0000 1.0000 1.0000 1.0000
  540  971.875 1.0000 1.0000 1.0000 1.0000 1.0000 1.0000 1.0000
  541  972.500 1.0000 1.0000 1.0000 1.0000 1.0000 1.0000 1.0000
  542  973.125 1.0000 1.0000 1.0000 1.0000 1.0000 1.0000 1.0000
  543  973.750 1.0000 1.0000 1.0000 1.0000 1.0000 1.0000 1.0000
  544  974.375 1.0000 1.0000 1.0000 1.0000 1.0000 1.0000 1.0000
  545  975.000 1.0000 1.0000 1.0000 1.0000 1.0000 1.0000 1.0000
  546  975.625 1.0000 1.0000 1.0000 1.0000 1.0000 1.0000 1.0000
  547  976.250 1.0000 1.0000 1.0000 1.0000 1.0000 1.0000 1.0000
  548  976.875 1.0000 1.0000 1.0000 1.0000 1.0000 1.0000 1.0000
  549  977.500 1.0000 1.0000 1.0000 1.0000 1.0000 1.0000 1.0000
  550  978.125 1.0000 1.0000 1.0000 1.0000 1.0000 1.0000 1.0000
  551  978.750 1.0000 1.0000 1.0000 1.0000 1.0000 1.0000 1.0000
  552  979.375 1.0000 1.0000 1.0000 1.0000 1.0000 1.0000 1.0000
  553  980.000 1.0000 1.0000 1.0000 1.0000 1.0000 1.0000 1.0000
  554  980.625 1.0000 1.0000 1.0000 1.0000 1.0000 1.0000 1.0000
  555  981.250 1.0000 1.0000 1.0000 1.0000 1.0000 1.0000 1.0000
  556  981.875 1.0000 1.0000 1.0000 1.0000 1.0000 1.0000 1.0000
  557  982.500 1.0000 1.0000 1.0000 1.0000 1.0000 1.0000 1.0000
  558  983.125 1.0000 1.0000 1.0000 1.0000 1.0000 1.0000 1.0000
  559  983.750 1.0000 1.0000 1.0000 1.0000 1.0000 1.0000 1.0000
  560  984.375 1.0000 1.0000 1.0000 1.0000 1.0000 1.0000 1.0000
  561  985.000 1.0000 1.0000 1.0000 1.0000 1.0000 1.0000 1.0000
  562  985.625 1.0000 1.0000 1.0000 1.0000 1.0000 1.0000 1.0000
  563  986.250 1.0000 1.0000 1.0000 1.0000 1.0000 1.0000 1.0000
  564  986.875 1.0000 1.0000 1.0000 1.0000 1.0000 1.0000 1.0000
  565  987.500 1.0000 1.0000 1.0000 1.0000 1.0000 1.0000 1.0000
  566  988.125 1.0000 1.0000 1.0000 1.0000 1.0000 1.0000 1.0000
  567  988.750 1.0000 1.0000 1.0000 1.0000 1.0000 1.0000 1.0000
  568  989.375 1.0000 1.0000 1.0000 1.0000 1.0000 1.0000 1.0000
  569  990.000 1.0000 1.0000 1.0000 1.0000 1.0000 1.0000 1.0000
  570  990.625 1.0000 1.0000 1.0000 1.0000 1.0000 1.0000 1.0000
  571  991.250 1.0000 1.0000 1.0000 1.0000 1.0000 1.0000 1.0000
  572  991.875 1.0000 1.0000 1.0000 1.0000 1.0000 1.0000 1.0000
  573  992.500 1.0000 1.0000 1.0000 1.0000 1.0000 1.0000 1.0000
  574  993.125 1.0000 1.0000 1.0000 1.0000 1.0000 1.0000 1.0000
  575  993.750 1.0000 1.0000 1.0000 1.0000 1.0000 1.0000 1.0000
  576  994.375 1.0000 1.0000 1.0000 1.0000 1.0000 1.0000 1.0000
  577  995.000 1.0000 1.0000 1.0000 1.0000 1.0000 1.0000 1.0000
  578  995.625 1.0000 1.0000 1.0000 1.0000 1.0000 1.0000 1.0000
  579  996.250 1.0000 1.0000 1.0000 1.0000 1.0000 1.0000 1.0000
  580  996.875 1.0000 1.0000 1.0000 1.0000 1.0000 1.0000 1.0000
  581  997.500 1.0000 1.0000 1.0000 1.0000 1.0000 1.0000 1.0000
  582  998.125 1.0000 1.0000 1.0000 1.0000 1.0000 1.0000 1.0000
  583  998.750 1.0000 1.0000 1.0000 1.0000 1.0000 1.0000 1.0000
  584  999.375 1.0000 1.0000 1.0000 1.0000 1.0000 1.0000 1.0000
  585 1000.000 1.0000 1.0000 1.0000 1.0000 1.0000 1.0000 1.0000
  586 1000.625 1.0000 1.0000 1.0000 1.0000 1.0000 1.0000 1.0000
  587 1001.250 1.0000 1.0000 1.0000 1.0000 1.0000 1.0000 1.0000
  588 1001.875 1.0000 1.0000 1.0000 1.0000 1.0000 1.0000 1.0000
  589 1002.500 1.0000 1.0000 1.0000 1.0000 1.0000 1.0000 1.0000
  590 1003.125 1.0000 1.0000 1.0000 1.0000 1.0000 1.0000 1.0000
  591 1003.750 1.0000 1.0000 1.0000 1.0000 1.0000 1.0000 1.0000
  592 1004.375 1.0000 1.0000 1.0000 1.0000 1.0000 1.0000 1.0000
  593 1005.000 1.0000 1.0000 1.0000 1.0000 1.0000 1.0000 1.0000
  594 1005.625 1.0000 1.0000 1.0000 1.0000 1.0000 1.0000 1.0000
  595 1006.250 1.0000 1.0000 1.0000 1.0000 1.0000 1.0000 1.0000
  596 1006.875 1.0000 1.0000 1.0000 1.0000 1.0000 1.0000 1.0000
  597 1007.500 1.0000 1.0000 1.0000 1.0000 1.0000 1.0000 1.0000
  598 1008.125 1.0000 1.0000 1.0000 1.0000 1.0000 1.0000 1.0000
  599 1008.750 1.0000 1.0000 1.0000 1.0000 1.0000 1.0000 1.0000
  600 1009.375 1.0000 1.0000 1.0000 1.0000 1.0000 1.0000 1.0000
  601 1010.000 1.0000 1.0000 1.0000 1.0000 1.0000 1.0000 1.0000
  602 1010.625 1.0000 1.0000 1.0000 1.0000 1.0000 1.0000 1.0000
  603 1011.250 1.0000 1.0000 1.0000 1.0000 1.0000 1.0000 1.0000
  604 1011.875 1.0000 1.0000 1.0000 1.0000 1.0000 1.0000 1.0000
  605 1012.500 1.0000 1.0000 1.0000 1.0000 1.0000 1.0000 1.0000
  606 1013.125 1.0000 1.0000 1.0000 1.0000 1.0000 1.0000 1.0000
  607 1013.750 1.0000 1.0000 1.0000 1.0000 1.0000 1.0000 1.0000
  608 1014.375 1.0000 1.0000 1.0000 1.0000 1.0000 1.0000 1.0000
  609 1015.000 1.0000 1.0000 1.0000 1.0000 1.0000 1.0000 1.0000
  610 1015.625 1.0000 1.0000 1.0000 1.0000 1.0000 1.0000 1.0000
  611 1016.250 1.0000 1.0000 1.0000 1.0000 1.0000 1.0000 1.0000
  612 1016.875 1.0000 1.0000 1.0000 1.0000 1.0000 1.0000 1.0000
  613 1017.500 1.0000 1.0000 1.0000 1.0000 1.0000 1.0000 1.0000
  614 1018.125 1.0000 1.0000 1.0000 1.0000 1.0000 1.0000 1.0000
  615 1018.750 1.0000 1.0000 1.0000 1.0000 1.0000 1.0000 1.0000
  616 1019.375 1.0000 1.0000 1.0000 1.0000 1.0000 1.0000 1.0000
  617 1020.000 1.0000 1.0000 1.0000 1.0000 1.0000 1.0000 1.0000
  618 1020.625 1.0000 1.0000 1.0000 1.0000 1.0000 1.0000 1.0000
  619 1021.250 1.0000 1.0000 1.0000 1.0000 1.0000 1.0000 1.0000
  620 1021.875 1.0000 1.0000 1.0000 1.0000 1.0000 1.0000 1.0000
  621 1022.500 1.0000 1.0000 1.0000 1.0000 1.0000 1.0000 1.0000
  622 1023.125 1.0000 1.0000 1.0000 1.0000 1.0000 1.0000 1.0000
  623 1023.750 1.0000 1.0000 1.0000 1.0000 1.0000 1.0000 1.0000
  624 1024.375 1.0000 1.0000 1.0000 1.0000 1.0000 1.0000 1.0000
  625 1025.000 1.0000 1.0000 1.0000 1.0000 1.0000 1.0000 1.0000
  626 1025.625 1.0000 1.0000 1.0000 1.0000 1.0000 1.0000 1.0000
  627 1026.250 1.0000 1.0000 1.0000 1.0000 1.0000 1.0000 1.0000
  628 1026.875 1.0000 1.0000 1.0000 1.0000 1.0000 1.0000 1.0000
  629 1027.500 1.0000 1.0000 1.0000 1.0000 1.0000 1.0000 1.0000
  630 1028.125 1.0000 1.0000 1.0000 1.0000 1.0000 1.0000 1.0000
  631 1028.750 1.0000 1.0000 1.0000 1.0000 1.0000 1.0000 1.0000
  632 1029.375 1.0000 1.0000 1.0000 1.0000 1.0000 1.0000 1.0000
  633 1030.000 1.0000 1.0000 1.0000 1.0000 1.0000 1.0000 1.0000
  634 1030.625 1.0000 1.0000 1.0000 1.0000 1.0000 1.0000 1.0000
  635 1031.250 1.0000 1.0000 1.0000 1.0000 1.0000 1.0000 1.0000
  636 1031.875 1.0000 1.0000 1.0000 1.0000 1.0000 1.0000 1.0000
  637 1032.500 1.0000 1.0000 1.0000 1.0000 1.0000 1.0000 1.0000
  638 1033.125 1.0000 1.0000 1.0000 1.0000 1.0000 1.0000 1.0000
  639 1033.750 1.0000 1.0000 1.0000 1.0000 1.0000 1.0000 1.0000
  640 1034.375 1.0000 1.0000 1.0000 1.0000 1.0000 1.0000 1.0000
  641 1035.000 1.0000 1.0000 1.0000 1.0000 1.0000 1.0000 1.0000
  642 1035.625 1.0000 1.0000 1.0000 1.0000 1.0000 1.0000 1.0000
  643 1036.250 1.0000 1.0000 1.0000 1.0000 1.0000 1.0000 1.0000
  644 1036.875 1.0000 1.0000 1.0000 1.0000 1.0000 1.0000 1.0000
  645 1037.500 1.0000 1.0000 1.0000 1.0000 1.0000 1.0000 1.0000
  646 1038.125 1.0000 1.0000 1.0000 1.0000 1.0000 1.0000 1.0000
  647 1038.750 1.0000 1.0000 1.0000 1.0000 1.0000 1.0000 1.0000
  648 1039.375 1.0000 1.0000 1.0000 1.0000 1.0000 1.0000 1.0000
  649 1040.000 1.0000 1.0000 1.0000 1.0000 1.0000 1.0000 1.0000
  650 1040.625 1.0000 1.0000 1.0000 1.0000 1.0000 1.0000 1.0000
  651 1041.250 1.0000 1.0000 1.0000 1.0000 1.0000 1.0000 1.0000
  652 1041.875 1.0000 1.0000 1.0000 1.0000 1.0000 1.0000 1.0000
  653 1042.500 1.0000 1.0000 1.0000 1.0000 1.0000 1.0000 1.0000
  654 1043.125 1.0000 1.0000 1.0000 1.0000 1.0000 1.0000 1.0000
  655 1043.750 1.0000 1.0000 1.0000 1.0000 1.0000 1.0000 1.0000
  656 1044.375 1.0000 1.0000 1.0000 1.0000 1.0000 1.0000 1.0000
  657 1045.000 1.0000 1.0000 1.0000 1.0000 1.0000 1.0000 1.0000
  658 1045.625 1.0000 1.0000 1.0000 1.0000 1.0000 1.0000 1.0000
  659 1046.250 1.0000 1.0000 1.0000 1.0000 1.0000 1.0000 1.0000
  660 1046.875 1.0000 1.0000 1.0000 1.0000 1.0000 1.0000 1.0000
  661 1047.500 1.0000 1.0000 1.0000 1.0000 1.0000 1.0000 1.0000
  662 1048.125 1.0000 1.0000 1.0000 1.0000 1.0000 1.0000 1.0000
  663 1048.750 1.0000 1.0000 1.0000 1.0000 1.0000 1.0000 1.0000
  664 1049.375 1.0000 1.0000 1.0000 1.0000 1.0000 1.0000 1.0000
  665 1050.000 1.0000 1.0000 1.0000 1.0000 1.0000 1.0000 1.0000
  666 1050.625 1.0000 1.0000 1.0000 1.0000 1.0000 1.0000 1.0000
  667 1051.250 1.0000 1.0000 1.0000 1.0000 1.0000 1.0000 1.0000
  668 1051.875 1.0000 1.0000 1.0000 1.0000 1.0000 1.0000 1.0000
  669 1052.500 1.0000 1.0000 1.0000 1.0000 1.0000 1.0000 1.0000
  670 1053.125 1.0000 1.0000 1.0000 1.0000 1.0000 1.0000 1.0000
  671 1053.750 1.0000 1.0000 1.0000 1.0000 1.0000 1.0000 1.0000
  672 1054.375 1.0000 1.0000 1.0000 1.0000 1.0000 1.0000 1.0000
  673 1055.000 1.0000 1.0000 1.0000 1.0000 1.0000 1.0000 1.0000
  674 1055.625 1.0000 1.0000 1.0000 1.0000 1.0000 1.0000 1.0000
  675 1056.250 1.0000 1.0000 1.0000 1.0000 1.0000 1.0000 1.0000
  676 1056.875 1.0000 1.0000 1.0000 1.0000 1.0000 1.0000 1.0000
  677 1057.500 1.0000 1.0000 1.0000 1.0000 1.0000 1.0000 1.0000
  678 1058.125 1.0000 1.0000 1.0000 1.0000 1.0000 1.0000 1.0000
  679 1058.750 1.0000 1.0000 1.0000 1.0000 1.0000 1.0000 1.0000
  680 1059.375 1.0000 1.0000 1.0000 1.0000 1.0000 1.0000 1.0000
  681 1060.000 1.0000 1.0000 1.0000 1.0000 1.0000 1.0000 1.0000
  682 1060.625 1.0000 1.0000 1.0000 1.0000 1.0000 1.0000 1.0000
  683 1061.250 1.0000 1.0000 1.0000 1.0000 1.0000 1.0000 1.0000
  684 1061.875 1.0000 1.0000 1.0000 1.0000 1.0000 1.0000 1.0000
  685 1062.500 1.0000 1.0000 1.0000 1.0000 1.0000 1.0000 1.0000
  686 1063.125 1.0000 1.0000 1.0000 1.0000 1.0000 1.0000 1.0000
  687 1063.750 1.0000 1.0000 1.0000 1.0000 1.0000 1.0000 1.0000
  688 1064.375 1.0000 1.0000 1.0000 1.0000 1.0000 1.0000 1.0000
  689 1065.000 1.0000 1.0000 1.0000 1.0000 1.0000 1.0000 1.0000
  690 1065.625 1.0000 1.0000 1.0000 1.0000 1.0000 1.0000 1.0000
  691 1066.250 1.0000 1.0000 1.0000 1.0000 1.0000 1.0000 1.0000
  692 1066.875 1.0000 1.0000 1.0000 1.0000 1.0000 1.0000 1.0000
  693 1067.500 1.0000 1.0000 1.0000 1.0000 1.0000 1.0000 1.0000
  694 1068.125 1.0000 1.0000 1.0000 1.0000 1.0000 1.0000 1.0000
  695 1068.750 1.0000 1.0000 1.0000 1.0000 1.0000 1.0000 1.0000
  696 1069.375 1.0000 1.0000 1.0000 1.0000 1.0000 1.0000 1.0000
  697 1070.000 1.0000 1.0000 1.0000 1.0000 1.0000 1.0000 1.0000
  698 1070.625 1.0000 1.0000 1.0000 1.0000 1.0000 1.0000 1.0000
  699 1071.250 1.0000 1.0000 1.0000 1.0000 1.0000 1.0000 1.0000
  700 1071.875 1.0000 1.0000 1.0000 1.0000 1.0000 1.0000 1.0000
  701 1072.500 1.0000 1.0000 1.0000 1.0000 1.0000 1.0000 1.0000
  702 1073.125 1.0000 1.0000 1.0000 1.0000 1.0000 1.0000 1.0000
  703 1073.750 1.0000 1.0000 1.0000 1.0000 1.0000 1.0000 1.0000
  704 1074.375 1.0000 1.0000 1.0000 1.0000 1.0000 1.0000 1.0000
  705 1075.000 1.0000 1.0000 1.0000 1.0000 1.0000 1.0000 1.0000
  706 1075.625 1.0000 1.0000 1.0000 1.0000 1.0000 1.0000 1.0000
  707 1076.250 1.0000 1.0000 1.0000 1.0000 1.0000 1.0000 1.0000
  708 1076.875 1.0000 1.0000 1.0000 1.0000 1.0000 1.0000 1.0000
  709 1077.500 1.0000 1.0000 1.0000 1.0000 1.0000 1.0000 1.0000
  710 1078.125 1.0000 1.0000 1.0000 1.0000 1.0000 1.0000 1.0000
  711 1078.750 1.0000 1.0000 1.0000 1.0000 1.0000 1.0000 1.0000
  712 1079.375 1.0000 1.0000 1.0000 1.0000 1.0000 1.0000 1.0000
  713 1080.000 1.0000 1.0000 1.0000 1.0000 1.0000 1.0000 1.0000
  714 1080.625 1.0000 1.0000 1.0000 1.0000 1.0000 1.0000 1.0000
  715 1081.250 1.0000 1.0000 1.0000 1.0000 1.0000 1.0000 1.0000
  716 1081.875 1.0000 1.0000 1.0000 1.0000 1.0000 1.0000 1.0000
  717 1082.500 1.0000 1.0000 1.0000 1.0000 1.0000 1.0000 1.0000
  718 1083.125 1.0000 1.0000 1.0000 1.0000 1.0000 1.0000 1.0000
  719 1083.750 1.0000 1.0000 1.0000 1.0000 1.0000 1.0000 1.0000
  720 1084.375 1.0000 1.0000 1.0000 1.0000 1.0000 1.0000 1.0000
  721 1085.000 1.0000 1.0000 1.0000 1.0000 1.0000 1.0000 1.0000
  722 1085.625 1.0000 1.0000 1.0000 1.0000 1.0000 1.0000 1.0000
  723 1086.250 1.0000 1.0000 1.0000 1.0000 1.0000 1.0000 1.0000
  724 1086.875 1.0000 1.0000 1.0000 1.0000 1.0000 1.0000 1.0000
  725 1087.500 1.0000 1.0000 1.0000 1.0000 1.0000 1.0000 1.0000
  726 1088.125 1.0000 1.0000 1.0000 1.0000 1.0000 1.0000 1.0000
  727 1088.750 1.0000 1.0000 1.0000 1.0000 1.0000 1.0000 1.0000
  728 1089.375 1.0000 1.0000 1.0000 1.0000 1.0000 1.0000 1.0000
  729 1090.000 1.0000 1.0000 1.0000 1.0000 1.0000 1.0000 1.0000
  730 1090.625 1.0000 1.0000 1.0000 1.0000 1.0000 1.0000 1.0000
  731 1091.250 1.0000 1.0000 1.0000 1.0000 1.0000 1.0000 1.0000
  732 1091.875 1.0000 1.0000 1.0000 1.0000 1.0000 1.0000 1.0000
  733 1092.500 1.0000 1.0000 1.0000 1.0000 1.0000 1.0000 1.0000
  734 1093.125 1.0000 1.0000 1.0000 1.0000 1.0000 1.0000 1.0000
  735 1093.750 1.0000 1.0000 1.0000 1.0000 1.0000 1.0000 1.0000
  736 1094.375 1.0000 1.0000 1.0000 1.0000 1.0000 1.0000 1.0000
  737 1095.000 1.0000 1.0000 1.0000 1.0000 1.0000 1.0000 1.0000
  738 1210.000 1.0000 1.0000 1.0000 1.0000 1.0000 1.0000 1.0000
  739 1211.250 1.0000 1.0000 1.0000 1.0000 1.0000 1.0000 1.0000
  740 1212.500 1.0000 1.0000 1.0000 1.0000 1.0000 1.0000 1.0000
  741 1213.750 1.0000 1.0000 1.0000 1.0000 1.0000 1.0000 1.0000
  742 1215.000 1.0000 1.0000 1.0000 1.0000 1.0000 1.0000 1.0000
  743 1216.250 1.0000 1.0000 1.0000 1.0000 1.0000 1.0000 1.0000
  744 1217.500 1.0000 1.0000 1.0000 1.0000 1.0000 1.0000 1.0000
  745 1218.750 1.0000 1.0000 1.0000 1.0000 1.0000 1.0000 1.0000
  746 1220.000 1.0000 1.0000 1.0000 1.0000 1.0000 1.0000 1.0000
  747 1221.250 1.0000 1.0000 1.0000 1.0000 1.0000 1.0000 1.0000
  748 1222.500 1.0000 1.0000 1.0000 1.0000 1.0000 1.0000 1.0000
  749 1223.750 1.0000 1.0000 1.0000 1.0000 1.0000 1.0000 1.0000
  750 1225.000 1.0000 1.0000 1.0000 1.0000 1.0000 1.0000 1.0000
  751 1226.250 1.0000 1.0000 1.0000 1.0000 1.0000 1.0000 1.0000
  752 1227.500 1.0000 1.0000 1.0000 1.0000 1.0000 1.0000 1.0000
  753 1228.750 1.0000 1.0000 1.0000 1.0000 1.0000 1.0000 1.0000
  754 1230.000 1.0000 1.0000 1.0000 1.0000 1.0000 1.0000 1.0000
  755 1231.250 1.0000 1.0000 1.0000 1.0000 1.0000 1.0000 1.0000
  756 1232.500 1.0000 1.0000 1.0000 1.0000 1.0000 1.0000 1.0000
  757 1233.750 1.0000 1.0000 1.0000 1.0000 1.0000 1.0000 1.0000
  758 1235.000 1.0000 1.0000 1.0000 1.0000 1.0000 1.0000 1.0000
  759 1236.250 1.0000 1.0000 1.0000 1.0000 1.0000 1.0000 1.0000
  760 1237.500 1.0000 1.0000 1.0000 1.0000 1.0000 1.0000 1.0000
  761 1238.750 1.0000 1.0000 1.0000 1.0000 1.0000 1.0000 1.0000
  762 1240.000 1.0000 1.0000 1.0000 1.0000 1.0000 1.0000 1.0000
  763 1241.250 1.0000 1.0000 1.0000 1.0000 1.0000 1.0000 1.0000
  764 1242.500 1.0000 1.0000 1.0000 1.0000 1.0000 1.0000 1.0000
  765 1243.750 1.0000 1.0000 1.0000 1.0000 1.0000 1.0000 1.0000
  766 1245.000 1.0000 1.0000 1.0000 1.0000 1.0000 1.0000 1.0000
  767 1246.250 1.0000 1.0000 1.0000 1.0000 1.0000 1.0000 1.0000
  768 1247.500 1.0000 1.0000 1.0000 1.0000 1.0000 1.0000 1.0000
  769 1248.750 1.0000 1.0000 1.0000 1.0000 1.0000 1.0000 1.0000
  770 1250.000 1.0000 1.0000 1.0000 1.0000 1.0000 1.0000 1.0000
  771 1251.250 1.0000 1.0000 1.0000 1.0000 1.0000 1.0000 1.0000
  772 1252.500 1.0000 1.0000 1.0000 1.0000 1.0000 1.0000 1.0000
  773 1253.750 1.0000 1.0000 1.0000 1.0000 1.0000 1.0000 1.0000
  774 1255.000 1.0000 1.0000 1.0000 1.0000 1.0000 1.0000 1.0000
  775 1256.250 1.0000 1.0000 1.0000 1.0000 1.0000 1.0000 1.0000
  776 1257.500 1.0000 1.0000 1.0000 1.0000 1.0000 1.0000 1.0000
  777 1258.750 1.0000 1.0000 1.0000 1.0000 1.0000 1.0000 1.0000
  778 1260.000 1.0000 1.0000 1.0000 1.0000 1.0000 1.0000 1.0000
  779 1261.250 1.0000 1.0000 1.0000 1.0000 1.0000 1.0000 1.0000
  780 1262.500 1.0000 1.0000 1.0000 1.0000 1.0000 1.0000 1.0000
  781 1263.750 1.0000 1.0000 1.0000 1.0000 1.0000 1.0000 1.0000
  782 1265.000 1.0000 1.0000 1.0000 1.0000 1.0000 1.0000 1.0000
  783 1266.250 1.0000 1.0000 1.0000 1.0000 1.0000 1.0000 1.0000
  784 1267.500 1.0000 1.0000 1.0000 1.0000 1.0000 1.0000 1.0000
  785 1268.750 1.0000 1.0000 1.0000 1.0000 1.0000 1.0000 1.0000
  786 1270.000 1.0000 1.0000 1.0000 1.0000 1.0000 1.0000 1.0000
  787 1271.250 1.0000 1.0000 1.0000 1.0000 1.0000 1.0000 1.0000
  788 1272.500 1.0000 1.0000 1.0000 1.0000 1.0000 1.0000 1.0000
  789 1273.750 1.0000 1.0000 1.0000 1.0000 1.0000 1.0000 1.0000
  790 1275.000 1.0000 1.0000 1.0000 1.0000 1.0000 1.0000 1.0000
  791 1276.250 1.0000 1.0000 1.0000 1.0000 1.0000 1.0000 1.0000
  792 1277.500 1.0000 1.0000 1.0000 1.0000 1.0000 1.0000 1.0000
  793 1278.750 1.0000 1.0000 1.0000 1.0000 1.0000 1.0000 1.0000
  794 1280.000 1.0000 1.0000 1.0000 1.0000 1.0000 1.0000 1.0000
  795 1281.250 1.0000 1.0000 1.0000 1.0000 1.0000 1.0000 1.0000
  796 1282.500 1.0000 1.0000 1.0000 1.0000 1.0000 1.0000 1.0000
  797 1283.750 1.0000 1.0000 1.0000 1.0000 1.0000 1.0000 1.0000
  798 1285.000 1.0000 1.0000 1.0000 1.0000 1.0000 1.0000 1.0000
  799 1286.250 1.0000 1.0000 1.0000 1.0000 1.0000 1.0000 1.0000
  800 1287.500 1.0000 1.0000 1.0000 1.0000 1.0000 1.0000 1.0000
  801 1288.750 1.0000 1.0000 1.0000 1.0000 1.0000 1.0000 1.0000
  802 1290.000 1.0000 1.0000 1.0000 1.0000 1.0000 1.0000 1.0000
  803 1291.250 1.0000 1.0000 1.0000 1.0000 1.0000 1.0000 1.0000
  804 1292.500 1.0000 1.0000 1.0000 1.0000 1.0000 1.0000 1.0000
  805 1293.750 1.0000 1.0000 1.0000 1.0000 1.0000 1.0000 1.0000
  806 1295.000 1.0000 1.0000 1.0000 1.0000 1.0000 1.0000 1.0000
  807 1296.250 1.0000 1.0000 1.0000 1.0000 1.0000 1.0000 1.0000
  808 1297.500 1.0000 1.0000 1.0000 1.0000 1.0000 1.0000 1.0000
  809 1298.750 1.0000 1.0000 1.0000 1.0000 1.0000 1.0000 1.0000
  810 1300.000 1.0000 1.0000 1.0000 1.0000 1.0000 1.0000 1.0000
  811 1301.250 1.0000 1.0000 1.0000 1.0000 1.0000 1.0000 1.0000
  812 1302.500 1.0000 1.0000 1.0000 1.0000 1.0000 1.0000 1.0000
  813 1303.750 1.0000 1.0000 1.0000 1.0000 1.0000 1.0000 1.0000
  814 1305.000 1.0000 1.0000 1.0000 1.0000 1.0000 1.0000 1.0000
  815 1306.250 1.0000 1.0000 1.0000 1.0000 1.0000 1.0000 1.0000
  816 1307.500 1.0000 1.0000 1.0000 1.0000 1.0000 1.0000 1.0000
  817 1308.750 1.0000 1.0000 1.0000 1.0000 1.0000 1.0000 1.0000
  818 1310.000 1.0000 1.0000 1.0000 1.0000 1.0000 1.0000 1.0000
  819 1311.250 1.0000 1.0000 1.0000 1.0000 1.0000 1.0000 1.0000
  820 1312.500 1.0000 1.0000 1.0000 1.0000 1.0000 1.0000 1.0000
  821 1313.750 1.0000 1.0000 1.0000 1.0000 1.0000 1.0000 1.0000
  822 1315.000 1.0000 1.0000 1.0000 1.0000 1.0000 1.0000 1.0000
  823 1316.250 1.0000 1.0000 1.0000 1.0000 1.0000 1.0000 1.0000
  824 1317.500 1.0000 1.0000 1.0000 1.0000 1.0000 1.0000 1.0000
  825 1318.750 1.0000 1.0000 1.0000 1.0000 1.0000 1.0000 1.0000
  826 1320.000 1.0000 1.0000 1.0000 1.0000 1.0000 1.0000 1.0000
  827 1321.250 1.0000 1.0000 1.0000 1.0000 1.0000 1.0000 1.0000
  828 1322.500 1.0000 1.0000 1.0000 1.0000 1.0000 1.0000 1.0000
  829 1323.750 1.0000 1.0000 1.0000 1.0000 1.0000 1.0000 1.0000
  830 1325.000 1.0000 1.0000 1.0000 1.0000 1.0000 1.0000 1.0000
  831 1326.250 1.0000 1.0000 1.0000 1.0000 1.0000 1.0000 1.0000
  832 1327.500 1.0000 1.0000 1.0000 1.0000 1.0000 1.0000 1.0000
  833 1328.750 1.0000 1.0000 1.0000 1.0000 1.0000 1.0000 1.0000
  834 1330.000 1.0000 1.0000 1.0000 1.0000 1.0000 1.0000 1.0000
  835 1331.250 1.0000 1.0000 1.0000 1.0000 1.0000 1.0000 1.0000
  836 1332.500 1.0000 1.0000 1.0000 1.0000 1.0000 1.0000 1.0000
  837 1333.750 1.0000 1.0000 1.0000 1.0000 1.0000 1.0000 1.0000
  838 1335.000 1.0000 1.0000 1.0000 1.0000 1.0000 1.0000 1.0000
  839 1336.250 1.0000 1.0000 1.0000 1.0000 1.0000 1.0000 1.0000
  840 1337.500 1.0000 1.0000 1.0000 1.0000 1.0000 1.0000 1.0000
  841 1338.750 1.0000 1.0000 1.0000 1.0000 1.0000 1.0000 1.0000
  842 1340.000 1.0000 1.0000 1.0000 1.0000 1.0000 1.0000 1.0000
  843 1341.250 1.0000 1.0000 1.0000 1.0000 1.0000 1.0000 1.0000
  844 1342.500 1.0000 1.0000 1.0000 1.0000 1.0000 1.0000 1.0000
  845 1343.750 1.0000 1.0000 1.0000 1.0000 1.0000 1.0000 1.0000
  846 1345.000 1.0000 1.0000 1.0000 1.0000 1.0000 1.0000 1.0000
  847 1346.250 1.0000 1.0000 1.0000 1.0000 1.0000 1.0000 1.0000
  848 1347.500 1.0000 1.0000 1.0000 1.0000 1.0000 1.0000 1.0000
  849 1348.750 1.0000 1.0000 1.0000 1.0000 1.0000 1.0000 1.0000
  850 1350.000 1.0000 1.0000 1.0000 1.0000 1.0000 1.0000 1.0000
  851 1351.250 1.0000 1.0000 1.0000 1.0000 1.0000 1.0000 1.0000
  852 1352.500 1.0000 1.0000 1.0000 1.0000 1.0000 1.0000 1.0000
  853 1353.750 1.0000 1.0000 1.0000 1.0000 1.0000 1.0000 1.0000
  854 1355.000 1.0000 1.0000 1.0000 1.0000 1.0000 1.0000 1.0000
  855 1356.250 1.0000 1.0000 1.0000 1.0000 1.0000 1.0000 1.0000
  856 1357.500 1.0000 1.0000 1.0000 1.0000 1.0000 1.0000 1.0000
  857 1358.750 1.0000 1.0000 1.0000 1.0000 1.0000 1.0000 1.0000
  858 1360.000 1.0000 1.0000 1.0000 1.0000 1.0000 1.0000 1.0000
  859 1361.250 1.0000 1.0000 1.0000 1.0000 1.0000 1.0000 1.0000
  860 1362.500 1.0000 1.0000 1.0000 1.0000 1.0000 1.0000 1.0000
  861 1363.750 1.0000 1.0000 1.0000 1.0000 1.0000 1.0000 1.0000
  862 1365.000 1.0000 1.0000 1.0000 1.0000 1.0000 1.0000 1.0000
  863 1366.250 1.0000 1.0000 1.0000 1.0000 1.0000 1.0000 1.0000
  864 1367.500 1.0000 1.0000 1.0000 1.0000 1.0000 1.0000 1.0000
  865 1368.750 1.0000 1.0000 1.0000 1.0000 1.0000 1.0000 1.0000
  866 1370.000 1.0000 1.0000 1.0000 1.0000 1.0000 1.0000 1.0000
  867 1371.250 1.0000 1.0000 1.0000 1.0000 1.0000 1.0000 1.0000
  868 1372.500 1.0000 1.0000 1.0000 1.0000 1.0000 1.0000 1.0000
  869 1373.750 1.0000 1.0000 1.0000 1.0000 1.0000 1.0000 1.0000
  870 1375.000 1.0000 1.0000 1.0000 1.0000 1.0000 1.0000 1.0000
  871 1376.250 1.0000 1.0000 1.0000 1.0000 1.0000 1.0000 1.0000
  872 1377.500 1.0000 1.0000 1.0000 1.0000 1.0000 1.0000 1.0000
  873 1378.750 1.0000 1.0000 1.0000 1.0000 1.0000 1.0000 1.0000
  874 1380.000 1.0000 1.0000 1.0000 1.0000 1.0000 1.0000 1.0000
  875 1381.250 1.0000 1.0000 1.0000 1.0000 1.0000 1.0000 1.0000
  876 1382.500 1.0000 1.0000 1.0000 1.0000 1.0000 1.0000 1.0000
  877 1383.750 1.0000 1.0000 1.0000 1.0000 1.0000 1.0000 1.0000
  878 1385.000 1.0000 1.0000 1.0000 1.0000 1.0000 1.0000 1.0000
  879 1386.250 1.0000 1.0000 1.0000 1.0000 1.0000 1.0000 1.0000
  880 1387.500 1.0000 1.0000 1.0000 1.0000 1.0000 1.0000 1.0000
  881 1388.750 1.0000 1.0000 1.0000 1.0000 1.0000 1.0000 1.0000
  882 1390.000 1.0000 1.0000 1.0000 1.0000 1.0000 1.0000 1.0000
  883 1391.250 1.0000 1.0000 1.0000 1.0000 1.0000 1.0000 1.0000
  884 1392.500 1.0000 1.0000 1.0000 1.0000 1.0000 1.0000 1.0000
  885 1393.750 1.0000 1.0000 1.0000 1.0000 1.0000 1.0000 1.0000
  886 1395.000 1.0000 1.0000 1.0000 1.0000 1.0000 1.0000 1.0000
  887 1396.250 1.0000 1.0000 1.0000 1.0000 1.0000 1.0000 1.0000
  888 1397.500 1.0000 1.0000 1.0000 1.0000 1.0000 1.0000 1.0000
  889 1398.750 1.0000 1.0000 1.0000 1.0000 1.0000 1.0000 1.0000
  890 1400.000 1.0000 1.0000 1.0000 1.0000 1.0000 1.0000 1.0000
  891 1401.250 1.0000 1.0000 1.0000 1.0000 1.0000 1.0000 1.0000
  892 1402.500 1.0000 1.0000 1.0000 1.0000 1.0000 1.0000 1.0000
  893 1403.750 1.0000 1.0000 1.0000 1.0000 1.0000 1.0000 1.0000
  894 1405.000 1.0000 1.0000 1.0000 1.0000 1.0000 1.0000 1.0000
  895 1406.250 1.0000 1.0000 1.0000 1.0000 1.0000 1.0000 1.0000
  896 1407.500 1.0000 1.0000 1.0000 1.0000 1.0000 1.0000 1.0000
  897 1408.750 1.0000 1.0000 1.0000 1.0000 1.0000 1.0000 1.0000
  898 1410.000 1.0000 1.0000 1.0000 1.0000 1.0000 1.0000 1.0000
  899 1411.250 1.0000 1.0000 1.0000 1.0000 1.0000 1.0000 1.0000
  900 1412.500 1.0000 1.0000 1.0000 1.0000 1.0000 1.0000 1.0000
  901 1413.750 1.0000 1.0000 1.0000 1.0000 1.0000 1.0000 1.0000
  902 1415.000 1.0000 1.0000 1.0000 1.0000 1.0000 1.0000 1.0000
  903 1416.250 1.0000 1.0000 1.0000 1.0000 1.0000 1.0000 1.0000
  904 1417.500 1.0000 1.0000 1.0000 1.0000 1.0000 1.0000 1.0000
  905 1418.750 1.0000 1.0000 1.0000 1.0000 1.0000 1.0000 1.0000
  906 1420.000 1.0000 1.0000 1.0000 1.0000 1.0000 1.0000 1.0000
  907 1421.250 1.0000 1.0000 1.0000 1.0000 1.0000 1.0000 1.0000
  908 1422.500 1.0000 1.0000 1.0000 1.0000 1.0000 1.0000 1.0000
  909 1423.750 1.0000 1.0000 1.0000 1.0000 1.0000 1.0000 1.0000
  910 1425.000 1.0000 1.0000 1.0000 1.0000 1.0000 1.0000 1.0000
  911 1426.250 1.0000 1.0000 1.0000 1.0000 1.0000 1.0000 1.0000
  912 1427.500 1.0000 1.0000 1.0000 1.0000 1.0000 1.0000 1.0000
  913 1428.750 1.0000 1.0000 1.0000 1.0000 1.0000 1.0000 1.0000
  914 1430.000 1.0000 1.0000 1.0000 1.0000 1.0000 1.0000 1.0000
  915 1431.250 1.0000 1.0000 1.0000 1.0000 1.0000 1.0000 1.0000
  916 1432.500 1.0000 1.0000 1.0000 1.0000 1.0000 1.0000 1.0000
  917 1433.750 1.0000 1.0000 1.0000 1.0000 1.0000 1.0000 1.0000
  918 1435.000 1.0000 1.0000 1.0000 1.0000 1.0000 1.0000 1.0000
  919 1436.250 1.0000 1.0000 1.0000 1.0000 1.0000 1.0000 1.0000
  920 1437.500 1.0000 1.0000 1.0000 1.0000 1.0000 1.0000 1.0000
  921 1438.750 1.0000 1.0000 1.0000 1.0000 1.0000 1.0000 1.0000
  922 1440.000 1.0000 1.0000 1.0000 1.0000 1.0000 1.0000 1.0000
  923 1441.250 1.0000 1.0000 1.0000 1.0000 1.0000 1.0000 1.0000
  924 1442.500 1.0000 1.0000 1.0000 1.0000 1.0000 1.0000 1.0000
  925 1443.750 1.0000 1.0000 1.0000 1.0000 1.0000 1.0000 1.0000
  926 1445.000 1.0000 1.0000 1.0000 1.0000 1.0000 1.0000 1.0000
  927 1446.250 1.0000 1.0000 1.0000 1.0000 1.0000 1.0000 1.0000
  928 1447.500 1.0000 1.0000 1.0000 1.0000 1.0000 1.0000 1.0000
  929 1448.750 1.0000 1.0000 1.0000 1.0000 1.0000 1.0000 1.0000
  930 1450.000 1.0000 1.0000 1.0000 1.0000 1.0000 1.0000 1.0000
  931 1451.250 1.0000 1.0000 1.0000 1.0000 1.0000 1.0000 1.0000
  932 1452.500 1.0000 1.0000 1.0000 1.0000 1.0000 1.0000 1.0000
  933 1453.750 1.0000 1.0000 1.0000 1.0000 1.0000 1.0000 1.0000
  934 1455.000 1.0000 1.0000 1.0000 1.0000 1.0000 1.0000 1.0000
  935 1456.250 1.0000 1.0000 1.0000 1.0000 1.0000 1.0000 1.0000
  936 1457.500 1.0000 1.0000 1.0000 1.0000 1.0000 1.0000 1.0000
  937 1458.750 1.0000 1.0000 1.0000 1.0000 1.0000 1.0000 1.0000
  938 1460.000 1.0000 1.0000 1.0000 1.0000 1.0000 1.0000 1.0000
  939 1461.250 1.0000 1.0000 1.0000 1.0000 1.0000 1.0000 1.0000
  940 1462.500 1.0000 1.0000 1.0000 1.0000 1.0000 1.0000 1.0000
  941 1463.750 1.0000 1.0000 1.0000 1.0000 1.0000 1.0000 1.0000
  942 1465.000 1.0000 1.0000 1.0000 1.0000 1.0000 1.0000 1.0000
  943 1466.250 1.0000 1.0000 1.0000 1.0000 1.0000 1.0000 1.0000
  944 1467.500 1.0000 1.0000 1.0000 1.0000 1.0000 1.0000 1.0000
  945 1468.750 1.0000 1.0000 1.0000 1.0000 1.0000 1.0000 1.0000
  946 1470.000 1.0000 1.0000 1.0000 1.0000 1.0000 1.0000 1.0000
  947 1471.250 1.0000 1.0000 1.0000 1.0000 1.0000 1.0000 1.0000
  948 1472.500 1.0000 1.0000 1.0000 1.0000 1.0000 1.0000 1.0000
  949 1473.750 1.0000 1.0000 1.0000 1.0000 1.0000 1.0000 1.0000
  950 1475.000 1.0000 1.0000 1.0000 1.0000 1.0000 1.0000 1.0000
  951 1476.250 1.0000 1.0000 1.0000 1.0000 1.0000 1.0000 1.0000
  952 1477.500 1.0000 1.0000 1.0000 1.0000 1.0000 1.0000 1.0000
  953 1478.750 1.0000 1.0000 1.0000 1.0000 1.0000 1.0000 1.0000
  954 1480.000 1.0000 1.0000 1.0000 1.0000 1.0000 1.0000 1.0000
  955 1481.250 1.0000 1.0000 1.0000 1.0000 1.0000 1.0000 1.0000
  956 1482.500 1.0000 1.0000 1.0000 1.0000 1.0000 1.0000 1.0000
  957 1483.750 1.0000 1.0000 1.0000 1.0000 1.0000 1.0000 1.0000
  958 1485.000 1.0000 1.0000 1.0000 1.0000 1.0000 1.0000 1.0000
  959 1486.250 1.0000 1.0000 1.0000 1.0000 1.0000 1.0000 1.0000
  960 1487.500 1.0000 1.0000 1.0000 1.0000 1.0000 1.0000 1.0000
  961 1488.750 1.0000 1.0000 1.0000 1.0000 1.0000 1.0000 1.0000
  962 1490.000 1.0000 1.0000 1.0000 1.0000 1.0000 1.0000 1.0000
  963 1491.250 1.0000 1.0000 1.0000 1.0000 1.0000 1.0000 1.0000
  964 1492.500 1.0000 1.0000 1.0000 1.0000 1.0000 1.0000 1.0000
  965 1493.750 1.0000 1.0000 1.0000 1.0000 1.0000 1.0000 1.0000
  966 1495.000 1.0000 1.0000 1.0000 1.0000 1.0000 1.0000 1.0000
  967 1496.250 1.0000 1.0000 1.0000 1.0000 1.0000 1.0000 1.0000
  968 1497.500 1.0000 1.0000 1.0000 1.0000 1.0000 1.0000 1.0000
  969 1498.750 1.0000 1.0000 1.0000 1.0000 1.0000 1.0000 1.0000
  970 1500.000 1.0000 1.0000 1.0000 1.0000 1.0000 1.0000 1.0000
  971 1501.250 1.0000 1.0000 1.0000 1.0000 1.0000 1.0000 1.0000
  972 1502.500 1.0000 1.0000 1.0000 1.0000 1.0000 1.0000 1.0000
  973 1503.750 1.0000 1.0000 1.0000 1.0000 1.0000 1.0000 1.0000
  974 1505.000 1.0000 1.0000 1.0000 1.0000 1.0000 1.0000 1.0000
  975 1506.250 1.0000 1.0000 1.0000 1.0000 1.0000 1.0000 1.0000
  976 1507.500 1.0000 1.0000 1.0000 1.0000 1.0000 1.0000 1.0000
  977 1508.750 1.0000 1.0000 1.0000 1.0000 1.0000 1.0000 1.0000
  978 1510.000 1.0000 1.0000 1.0000 1.0000 1.0000 1.0000 1.0000
  979 1511.250 1.0000 1.0000 1.0000 1.0000 1.0000 1.0000 1.0000
  980 1512.500 1.0000 1.0000 1.0000 1.0000 1.0000 1.0000 1.0000
  981 1513.750 1.0000 1.0000 1.0000 1.0000 1.0000 1.0000 1.0000
  982 1515.000 1.0000 1.0000 1.0000 1.0000 1.0000 1.0000 1.0000
  983 1516.250 1.0000 1.0000 1.0000 1.0000 1.0000 1.0000 1.0000
  984 1517.500 1.0000 1.0000 1.0000 1.0000 1.0000 1.0000 1.0000
  985 1518.750 1.0000 1.0000 1.0000 1.0000 1.0000 1.0000 1.0000
  986 1520.000 1.0000 1.0000 1.0000 1.0000 1.0000 1.0000 1.0000
  987 1521.250 1.0000 1.0000 1.0000 1.0000 1.0000 1.0000 1.0000
  988 1522.500 1.0000 1.0000 1.0000 1.0000 1.0000 1.0000 1.0000
  989 1523.750 1.0000 1.0000 1.0000 1.0000 1.0000 1.0000 1.0000
  990 1525.000 1.0000 1.0000 1.0000 1.0000 1.0000 1.0000 1.0000
  991 1526.250 1.0000 1.0000 1.0000 1.0000 1.0000 1.0000 1.0000
  992 1527.500 1.0000 1.0000 1.0000 1.0000 1.0000 1.0000 1.0000
  993 1528.750 1.0000 1.0000 1.0000 1.0000 1.0000 1.0000 1.0000
  994 1530.000 1.0000 1.0000 1.0000 1.0000 1.0000 1.0000 1.0000
  995 1531.250 1.0000 1.0000 1.0000 1.0000 1.0000 1.0000 1.0000
  996 1532.500 1.0000 1.0000 1.0000 1.0000 1.0000 1.0000 1.0000
  997 1533.750 1.0000 1.0000 1.0000 1.0000 1.0000 1.0000 1.0000
  998 1535.000 1.0000 1.0000 1.0000 1.0000 1.0000 1.0000 1.0000
  999 1536.250 1.0000 1.0000 1.0000 1.0000 1.0000 1.0000 1.0000
 1000 1537.500 1.0000 1.0000 1.0000 1.0000 1.0000 1.0000 1.0000
 1001 1538.750 1.0000 1.0000 1.0000 1.0000 1.0000 1.0000 1.0000
 1002 1540.000 1.0000 1.0000 1.0000 1.0000 1.0000 1.0000 1.0000
 1003 1541.250 1.0000 1.0000 1.0000 1.0000 1.0000 1.0000 1.0000
 1004 1542.500 1.0000 1.0000 1.0000 1.0000 1.0000 1.0000 1.0000
 1005 1543.750 1.0000 1.0000 1.0000 1.0000 1.0000 1.0000 1.0000
 1006 1545.000 1.0000 1.0000 1.0000 1.0000 1.0000 1.0000 1.0000
 1007 1546.250 1.0000 1.0000 1.0000 1.0000 1.0000 1.0000 1.0000
 1008 1547.500 1.0000 1.0000 1.0000 1.0000 1.0000 1.0000 1.0000
 1009 1548.750 1.0000 1.0000 1.0000 1.0000 1.0000 1.0000 1.0000
 1010 1550.000 1.0000 1.0000 1.0000 1.0000 1.0000 1.0000 1.0000
 1011 1551.250 1.0000 1.0000 1.0000 1.0000 1.0000 1.0000 1.0000
 1012 1552.500 1.0000 1.0000 1.0000 1.0000 1.0000 1.0000 1.0000
 1013 1553.750 1.0000 1.0000 1.0000 1.0000 1.0000 1.0000 1.0000
 1014 1555.000 1.0000 1.0000 1.0000 1.0000 1.0000 1.0000 1.0000
 1015 1556.250 1.0000 1.0000 1.0000 1.0000 1.0000 1.0000 1.0000
 1016 1557.500 1.0000 1.0000 1.0000 1.0000 1.0000 1.0000 1.0000
 1017 1558.750 1.0000 1.0000 1.0000 1.0000 1.0000 1.0000 1.0000
 1018 1560.000 1.0000 1.0000 1.0000 1.0000 1.0000 1.0000 1.0000
 1019 1561.250 1.0000 1.0000 1.0000 1.0000 1.0000 1.0000 1.0000
 1020 1562.500 1.0000 1.0000 1.0000 1.0000 1.0000 1.0000 1.0000
 1021 1563.750 1.0000 1.0000 1.0000 1.0000 1.0000 1.0000 1.0000
 1022 1565.000 1.0000 1.0000 1.0000 1.0000 1.0000 1.0000 1.0000
 1023 1566.250 1.0000 1.0000 1.0000 1.0000 1.0000 1.0000 1.0000
 1024 1567.500 1.0000 1.0000 1.0000 1.0000 1.0000 1.0000 1.0000
 1025 1568.750 1.0000 1.0000 1.0000 1.0000 1.0000 1.0000 1.0000
 1026 1570.000 1.0000 1.0000 1.0000 1.0000 1.0000 1.0000 1.0000
 1027 1571.250 1.0000 1.0000 1.0000 1.0000 1.0000 1.0000 1.0000
 1028 1572.500 1.0000 1.0000 1.0000 1.0000 1.0000 1.0000 1.0000
 1029 1573.750 1.0000 1.0000 1.0000 1.0000 1.0000 1.0000 1.0000
 1030 1575.000 1.0000 1.0000 1.0000 1.0000 1.0000 1.0000 1.0000
 1031 1576.250 1.0000 1.0000 1.0000 1.0000 1.0000 1.0000 1.0000
 1032 1577.500 1.0000 1.0000 1.0000 1.0000 1.0000 1.0000 1.0000
 1033 1578.750 1.0000 1.0000 1.0000 1.0000 1.0000 1.0000 1.0000
 1034 1580.000 1.0000 1.0000 1.0000 1.0000 1.0000 1.0000 1.0000
 1035 1581.250 1.0000 1.0000 1.0000 1.0000 1.0000 1.0000 1.0000
 1036 1582.500 1.0000 1.0000 1.0000 1.0000 1.0000 1.0000 1.0000
 1037 1583.750 1.0000 1.0000 1.0000 1.0000 1.0000 1.0000 1.0000
 1038 1585.000 1.0000 1.0000 1.0000 1.0000 1.0000 1.0000 1.0000
 1039 1586.250 1.0000 1.0000 1.0000 1.0000 1.0000 1.0000 1.0000
 1040 1587.500 1.0000 1.0000 1.0000 1.0000 1.0000 1.0000 1.0000
 1041 1588.750 1.0000 1.0000 1.0000 1.0000 1.0000 1.0000 1.0000
 1042 1590.000 1.0000 1.0000 1.0000 1.0000 1.0000 1.0000 1.0000
 1043 1591.250 1.0000 1.0000 1.0000 1.0000 1.0000 1.0000 1.0000
 1044 1592.500 1.0000 1.0000 1.0000 1.0000 1.0000 1.0000 1.0000
 1045 1593.750 1.0000 1.0000 1.0000 1.0000 1.0000 1.0000 1.0000
 1046 1595.000 1.0000 1.0000 1.0000 1.0000 1.0000 1.0000 1.0000
 1047 1596.250 1.0000 1.0000 1.0000 1.0000 1.0000 1.0000 1.0000
 1048 1597.500 1.0000 1.0000 1.0000 1.0000 1.0000 1.0000 1.0000
 1049 1598.750 1.0000 1.0000 1.0000 1.0000 1.0000 1.0000 1.0000
 1050 1600.000 1.0000 1.0000 1.0000 1.0000 1.0000 1.0000 1.0000
 1051 1601.250 1.0000 1.0000 1.0000 1.0000 1.0000 1.0000 1.0000
 1052 1602.500 1.0000 1.0000 1.0000 1.0000 1.0000 1.0000 1.0000
 1053 1603.750 1.0000 1.0000 1.0000 1.0000 1.0000 1.0000 1.0000
 1054 1605.000 1.0000 1.0000 1.0000 1.0000 1.0000 1.0000 1.0000
 1055 1606.250 1.0000 1.0000 1.0000 1.0000 1.0000 1.0000 1.0000
 1056 1607.500 1.0000 1.0000 1.0000 1.0000 1.0000 1.0000 1.0000
 1057 1608.750 1.0000 1.0000 1.0000 1.0000 1.0000 1.0000 1.0000
 1058 1610.000 1.0000 1.0000 1.0000 1.0000 1.0000 1.0000 1.0000
 1059 1611.250 1.0000 1.0000 1.0000 1.0000 1.0000 1.0000 1.0000
 1060 1612.500 1.0000 1.0000 1.0000 1.0000 1.0000 1.0000 1.0000
 1061 1613.750 1.0000 1.0000 1.0000 1.0000 1.0000 1.0000 1.0000
 1062 1615.000 1.0000 1.0000 1.0000 1.0000 1.0000 1.0000 1.0000
 1063 1616.250 1.0000 1.0000 1.0000 1.0000 1.0000 1.0000 1.0000
 1064 1617.500 1.0000 1.0000 1.0000 1.0000 1.0000 1.0000 1.0000
 1065 1618.750 1.0000 1.0000 1.0000 1.0000 1.0000 1.0000 1.0000
 1066 1620.000 1.0000 1.0000 1.0000 1.0000 1.0000 1.0000 1.0000
 1067 1621.250 1.0000 1.0000 1.0000 1.0000 1.0000 1.0000 1.0000
 1068 1622.500 1.0000 1.0000 1.0000 1.0000 1.0000 1.0000 1.0000
 1069 1623.750 1.0000 1.0000 1.0000 1.0000 1.0000 1.0000 1.0000
 1070 1625.000 1.0000 1.0000 1.0000 1.0000 1.0000 1.0000 1.0000
 1071 1626.250 1.0000 1.0000 1.0000 1.0000 1.0000 1.0000 1.0000
 1072 1627.500 1.0000 1.0000 1.0000 1.0000 1.0000 1.0000 1.0000
 1073 1628.750 1.0000 1.0000 1.0000 1.0000 1.0000 1.0000 1.0000
 1074 1630.000 1.0000 1.0000 1.0000 1.0000 1.0000 1.0000 1.0000
 1075 1631.250 1.0000 1.0000 1.0000 1.0000 1.0000 1.0000 1.0000
 1076 1632.500 1.0000 1.0000 1.0000 1.0000 1.0000 1.0000 1.0000
 1077 1633.750 1.0000 1.0000 1.0000 1.0000 1.0000 1.0000 1.0000
 1078 1635.000 1.0000 1.0000 1.0000 1.0000 1.0000 1.0000 1.0000
 1079 1636.250 1.0000 1.0000 1.0000 1.0000 1.0000 1.0000 1.0000
 1080 1637.500 1.0000 1.0000 1.0000 1.0000 1.0000 1.0000 1.0000
 1081 1638.750 1.0000 1.0000 1.0000 1.0000 1.0000 1.0000 1.0000
 1082 1640.000 1.0000 1.0000 1.0000 1.0000 1.0000 1.0000 1.0000
 1083 1641.250 1.0000 1.0000 1.0000 1.0000 1.0000 1.0000 1.0000
 1084 1642.500 1.0000 1.0000 1.0000 1.0000 1.0000 1.0000 1.0000
 1085 1643.750 1.0000 1.0000 1.0000 1.0000 1.0000 1.0000 1.0000
 1086 1645.000 1.0000 1.0000 1.0000 1.0000 1.0000 1.0000 1.0000
 1087 1646.250 1.0000 1.0000 1.0000 1.0000 1.0000 1.0000 1.0000
 1088 1647.500 1.0000 1.0000 1.0000 1.0000 1.0000 1.0000 1.0000
 1089 1648.750 1.0000 1.0000 1.0000 1.0000 1.0000 1.0000 1.0000
 1090 1650.000 1.0000 1.0000 1.0000 1.0000 1.0000 1.0000 1.0000
 1091 1651.250 1.0000 1.0000 1.0000 1.0000 1.0000 1.0000 1.0000
 1092 1652.500 1.0000 1.0000 1.0000 1.0000 1.0000 1.0000 1.0000
 1093 1653.750 1.0000 1.0000 1.0000 1.0000 1.0000 1.0000 1.0000
 1094 1655.000 1.0000 1.0000 1.0000 1.0000 1.0000 1.0000 1.0000
 1095 1656.250 1.0000 1.0000 1.0000 1.0000 1.0000 1.0000 1.0000
 1096 1657.500 1.0000 1.0000 1.0000 1.0000 1.0000 1.0000 1.0000
 1097 1658.750 1.0000 1.0000 1.0000 1.0000 1.0000 1.0000 1.0000
 1098 1660.000 1.0000 1.0000 1.0000 1.0000 1.0000 1.0000 1.0000
 1099 1661.250 1.0000 1.0000 1.0000 1.0000 1.0000 1.0000 1.0000
 1100 1662.500 1.0000 1.0000 1.0000 1.0000 1.0000 1.0000 1.0000
 1101 1663.750 1.0000 1.0000 1.0000 1.0000 1.0000 1.0000 1.0000
 1102 1665.000 1.0000 1.0000 1.0000 1.0000 1.0000 1.0000 1.0000
 1103 1666.250 1.0000 1.0000 1.0000 1.0000 1.0000 1.0000 1.0000
 1104 1667.500 1.0000 1.0000 1.0000 1.0000 1.0000 1.0000 1.0000
 1105 1668.750 1.0000 1.0000 1.0000 1.0000 1.0000 1.0000 1.0000
 1106 1670.000 1.0000 1.0000 1.0000 1.0000 1.0000 1.0000 1.0000
 1107 1671.250 1.0000 1.0000 1.0000 1.0000 1.0000 1.0000 1.0000
 1108 1672.500 1.0000 1.0000 1.0000 1.0000 1.0000 1.0000 1.0000
 1109 1673.750 1.0000 1.0000 1.0000 1.0000 1.0000 1.0000 1.0000
 1110 1675.000 1.0000 1.0000 1.0000 1.0000 1.0000 1.0000 1.0000
 1111 1676.250 1.0000 1.0000 1.0000 1.0000 1.0000 1.0000 1.0000
 1112 1677.500 1.0000 1.0000 1.0000 1.0000 1.0000 1.0000 1.0000
 1113 1678.750 1.0000 1.0000 1.0000 1.0000 1.0000 1.0000 1.0000
 1114 1680.000 1.0000 1.0000 1.0000 1.0000 1.0000 1.0000 1.0000
 1115 1681.250 1.0000 1.0000 1.0000 1.0000 1.0000 1.0000 1.0000
 1116 1682.500 1.0000 1.0000 1.0000 1.0000 1.0000 1.0000 1.0000
 1117 1683.750 1.0000 1.0000 1.0000 1.0000 1.0000 1.0000 1.0000
 1118 1685.000 1.0000 1.0000 1.0000 1.0000 1.0000 1.0000 1.0000
 1119 1686.250 1.0000 1.0000 1.0000 1.0000 1.0000 1.0000 1.0000
 1120 1687.500 1.0000 1.0000 1.0000 1.0000 1.0000 1.0000 1.0000
 1121 1688.750 1.0000 1.0000 1.0000 1.0000 1.0000 1.0000 1.0000
 1122 1690.000 1.0000 1.0000 1.0000 1.0000 1.0000 1.0000 1.0000
 1123 1691.250 1.0000 1.0000 1.0000 1.0000 1.0000 1.0000 1.0000
 1124 1692.500 1.0000 1.0000 1.0000 1.0000 1.0000 1.0000 1.0000
 1125 1693.750 1.0000 1.0000 1.0000 1.0000 1.0000 1.0000 1.0000
 1126 1695.000 1.0000 1.0000 1.0000 1.0000 1.0000 1.0000 1.0000
 1127 1696.250 1.0000 1.0000 1.0000 1.0000 1.0000 1.0000 1.0000
 1128 1697.500 1.0000 1.0000 1.0000 1.0000 1.0000 1.0000 1.0000
 1129 1698.750 1.0000 1.0000 1.0000 1.0000 1.0000 1.0000 1.0000
 1130 1700.000 1.0000 1.0000 1.0000 1.0000 1.0000 1.0000 1.0000
 1131 1701.250 1.0000 1.0000 1.0000 1.0000 1.0000 1.0000 1.0000
 1132 1702.500 1.0000 1.0000 1.0000 1.0000 1.0000 1.0000 1.0000
 1133 1703.750 1.0000 1.0000 1.0000 1.0000 1.0000 1.0000 1.0000
 1134 1705.000 1.0000 1.0000 1.0000 1.0000 1.0000 1.0000 1.0000
 1135 1706.250 1.0000 1.0000 1.0000 1.0000 1.0000 1.0000 1.0000
 1136 1707.500 1.0000 1.0000 1.0000 1.0000 1.0000 1.0000 1.0000
 1137 1708.750 1.0000 1.0000 1.0000 1.0000 1.0000 1.0000 1.0000
 1138 1710.000 1.0000 1.0000 1.0000 1.0000 1.0000 1.0000 1.0000
 1139 1711.250 1.0000 1.0000 1.0000 1.0000 1.0000 1.0000 1.0000
 1140 1712.500 1.0000 1.0000 1.0000 1.0000 1.0000 1.0000 1.0000
 1141 1713.750 1.0000 1.0000 1.0000 1.0000 1.0000 1.0000 1.0000
 1142 1715.000 1.0000 1.0000 1.0000 1.0000 1.0000 1.0000 1.0000
 1143 1716.250 1.0000 1.0000 1.0000 1.0000 1.0000 1.0000 1.0000
 1144 1717.500 1.0000 1.0000 1.0000 1.0000 1.0000 1.0000 1.0000
 1145 1718.750 1.0000 1.0000 1.0000 1.0000 1.0000 1.0000 1.0000
 1146 1720.000 1.0000 1.0000 1.0000 1.0000 1.0000 1.0000 1.0000
 1147 1721.250 1.0000 1.0000 1.0000 1.0000 1.0000 1.0000 1.0000
 1148 1722.500 1.0000 1.0000 1.0000 1.0000 1.0000 1.0000 1.0000
 1149 1723.750 1.0000 1.0000 1.0000 1.0000 1.0000 1.0000 1.0000
 1150 1725.000 1.0000 1.0000 1.0000 1.0000 1.0000 1.0000 1.0000
 1151 1726.250 1.0000 1.0000 1.0000 1.0000 1.0000 1.0000 1.0000
 1152 1727.500 1.0000 1.0000 1.0000 1.0000 1.0000 1.0000 1.0000
 1153 1728.750 1.0000 1.0000 1.0000 1.0000 1.0000 1.0000 1.0000
 1154 1730.000 1.0000 1.0000 1.0000 1.0000 1.0000 1.0000 1.0000
 1155 1731.250 1.0000 1.0000 1.0000 1.0000 1.0000 1.0000 1.0000
 1156 1732.500 1.0000 1.0000 1.0000 1.0000 1.0000 1.0000 1.0000
 1157 1733.750 1.0000 1.0000 1.0000 1.0000 1.0000 1.0000 1.0000
 1158 1735.000 1.0000 1.0000 1.0000 1.0000 1.0000 1.0000 1.0000
 1159 1736.250 1.0000 1.0000 1.0000 1.0000 1.0000 1.0000 1.0000
 1160 1737.500 1.0000 1.0000 1.0000 1.0000 1.0000 1.0000 1.0000
 1161 1738.750 1.0000 1.0000 1.0000 1.0000 1.0000 1.0000 1.0000
 1162 1740.000 1.0000 1.0000 1.0000 1.0000 1.0000 1.0000 1.0000
 1163 1741.250 1.0000 1.0000 1.0000 1.0000 1.0000 1.0000 1.0000
 1164 1742.500 1.0000 1.0000 1.0000 1.0000 1.0000 1.0000 1.0000
 1165 1743.750 1.0000 1.0000 1.0000 1.0000 1.0000 1.0000 1.0000
 1166 1745.000 1.0000 1.0000 1.0000 1.0000 1.0000 1.0000 1.0000
 1167 1746.250 1.0000 1.0000 1.0000 1.0000 1.0000 1.0000 1.0000
 1168 1747.500 1.0000 1.0000 1.0000 1.0000 1.0000 1.0000 1.0000
 1169 1748.750 1.0000 1.0000 1.0000 1.0000 1.0000 1.0000 1.0000
 1170 1750.000 1.0000 1.0000 1.0000 1.0000 1.0000 1.0000 1.0000
 1171 2155.000 1.0000 1.0000 1.0000 1.0000 1.0000 1.0000 1.0000
 1172 2157.500 1.0000 1.0000 1.0000 1.0000 1.0000 1.0000 1.0000
 1173 2160.000 1.0000 1.0000 1.0000 1.0000 1.0000 1.0000 1.0000
 1174 2162.500 1.0000 1.0000 1.0000 1.0000 1.0000 1.0000 1.0000
 1175 2165.000 1.0000 1.0000 1.0000 1.0000 1.0000 1.0000 1.0000
 1176 2167.500 1.0000 1.0000 1.0000 1.0000 1.0000 1.0000 1.0000
 1177 2170.000 1.0000 1.0000 1.0000 1.0000 1.0000 1.0000 1.0000
 1178 2172.500 1.0000 1.0000 1.0000 1.0000 1.0000 1.0000 1.0000
 1179 2175.000 1.0000 1.0000 1.0000 1.0000 1.0000 1.0000 1.0000
 1180 2177.500 1.0000 1.0000 1.0000 1.0000 1.0000 1.0000 1.0000
 1181 2180.000 1.0000 1.0000 1.0000 1.0000 1.0000 1.0000 1.0000
 1182 2182.500 1.0000 1.0000 1.0000 1.0000 1.0000 1.0000 1.0000
 1183 2185.000 1.0000 1.0000 1.0000 1.0000 1.0000 1.0000 1.0000
 1184 2187.500 1.0000 1.0000 1.0000 1.0000 1.0000 1.0000 1.0000
 1185 2190.000 1.0000 1.0000 1.0000 1.0000 1.0000 1.0000 1.0000
 1186 2192.500 1.0000 1.0000 1.0000 1.0000 1.0000 1.0000 1.0000
 1187 2195.000 1.0000 1.0000 1.0000 1.0000 1.0000 1.0000 1.0000
 1188 2197.500 1.0000 1.0000 1.0000 1.0000 1.0000 1.0000 1.0000
 1189 2200.000 1.0000 1.0000 1.0000 1.0000 1.0000 1.0000 1.0000
 1190 2202.500 1.0000 1.0000 1.0000 1.0000 1.0000 1.0000 1.0000
 1191 2205.000 1.0000 1.0000 1.0000 1.0000 1.0000 1.0000 1.0000
 1192 2207.500 1.0000 1.0000 1.0000 1.0000 1.0000 1.0000 1.0000
 1193 2210.000 1.0000 1.0000 1.0000 1.0000 1.0000 1.0000 1.0000
 1194 2212.500 1.0000 1.0000 1.0000 1.0000 1.0000 1.0000 1.0000
 1195 2215.000 1.0000 1.0000 1.0000 1.0000 1.0000 1.0000 1.0000
 1196 2217.500 1.0000 1.0000 1.0000 1.0000 1.0000 1.0000 1.0000
 1197 2220.000 1.0000 1.0000 1.0000 1.0000 1.0000 1.0000 1.0000
 1198 2222.500 1.0000 1.0000 1.0000 1.0000 1.0000 1.0000 1.0000
 1199 2225.000 1.0000 1.0000 1.0000 1.0000 1.0000 1.0000 1.0000
 1200 2227.500 1.0000 1.0000 1.0000 1.0000 1.0000 1.0000 1.0000
 1201 2230.000 1.0000 1.0000 1.0000 1.0000 1.0000 1.0000 1.0000
 1202 2232.500 1.0000 1.0000 1.0000 1.0000 1.0000 1.0000 1.0000
 1203 2235.000 1.0000 1.0000 1.0000 1.0000 1.0000 1.0000 1.0000
 1204 2237.500 1.0000 1.0000 1.0000 1.0000 1.0000 1.0000 1.0000
 1205 2240.000 1.0000 1.0000 1.0000 1.0000 1.0000 1.0000 1.0000
 1206 2242.500 1.0000 1.0000 1.0000 1.0000 1.0000 1.0000 1.0000
 1207 2245.000 1.0000 1.0000 1.0000 1.0000 1.0000 1.0000 1.0000
 1208 2247.500 1.0000 1.0000 1.0000 1.0000 1.0000 1.0000 1.0000
 1209 2250.000 1.0000 1.0000 1.0000 1.0000 1.0000 1.0000 1.0000
 1210 2252.500 1.0000 1.0000 1.0000 1.0000 1.0000 1.0000 1.0000
 1211 2255.000 1.0000 1.0000 1.0000 1.0000 1.0000 1.0000 1.0000
 1212 2257.500 1.0000 1.0000 1.0000 1.0000 1.0000 1.0000 1.0000
 1213 2260.000 1.0000 1.0000 1.0000 1.0000 1.0000 1.0000 1.0000
 1214 2262.500 1.0000 1.0000 1.0000 1.0000 1.0000 1.0000 1.0000
 1215 2265.000 1.0000 1.0000 1.0000 1.0000 1.0000 1.0000 1.0000
 1216 2267.500 1.0000 1.0000 1.0000 1.0000 1.0000 1.0000 1.0000
 1217 2270.000 1.0000 1.0000 1.0000 1.0000 1.0000 1.0000 1.0000
 1218 2272.500 1.0000 1.0000 1.0000 1.0000 1.0000 1.0000 1.0000
 1219 2275.000 1.0000 1.0000 1.0000 1.0000 1.0000 1.0000 1.0000
 1220 2277.500 1.0000 1.0000 1.0000 1.0000 1.0000 1.0000 1.0000
 1221 2280.000 1.0000 1.0000 1.0000 1.0000 1.0000 1.0000 1.0000
 1222 2282.500 1.0000 1.0000 1.0000 1.0000 1.0000 1.0000 1.0000
 1223 2285.000 1.0000 1.0000 1.0000 1.0000 1.0000 1.0000 1.0000
 1224 2287.500 1.0000 1.0000 1.0000 1.0000 1.0000 1.0000 1.0000
 1225 2290.000 1.0000 1.0000 1.0000 1.0000 1.0000 1.0000 1.0000
 1226 2292.500 1.0000 1.0000 1.0000 1.0000 1.0000 1.0000 1.0000
 1227 2295.000 1.0000 1.0000 1.0000 1.0000 1.0000 1.0000 1.0000
 1228 2297.500 1.0000 1.0000 1.0000 1.0000 1.0000 1.0000 1.0000
 1229 2300.000 1.0000 1.0000 1.0000 1.0000 1.0000 1.0000 1.0000
 1230 2302.500 1.0000 1.0000 1.0000 1.0000 1.0000 1.0000 1.0000
 1231 2305.000 1.0000 1.0000 1.0000 1.0000 1.0000 1.0000 1.0000
 1232 2307.500 1.0000 1.0000 1.0000 1.0000 1.0000 1.0000 1.0000
 1233 2310.000 1.0000 1.0000 1.0000 1.0000 1.0000 1.0000 1.0000
 1234 2312.500 1.0000 1.0000 1.0000 1.0000 1.0000 1.0000 1.0000
 1235 2315.000 1.0000 1.0000 1.0000 1.0000 1.0000 1.0000 1.0000
 1236 2317.500 1.0000 1.0000 1.0000 1.0000 1.0000 1.0000 1.0000
 1237 2320.000 1.0000 1.0000 1.0000 1.0000 1.0000 1.0000 1.0000
 1238 2322.500 1.0000 1.0000 1.0000 1.0000 1.0000 1.0000 1.0000
 1239 2325.000 1.0000 1.0000 1.0000 1.0000 1.0000 1.0000 1.0000
 1240 2327.500 1.0000 1.0000 1.0000 1.0000 1.0000 1.0000 1.0000
 1241 2330.000 1.0000 1.0000 1.0000 1.0000 1.0000 1.0000 1.0000
 1242 2332.500 1.0000 1.0000 1.0000 1.0000 1.0000 1.0000 1.0000
 1243 2335.000 1.0000 1.0000 1.0000 1.0000 1.0000 1.0000 1.0000
 1244 2337.500 1.0000 1.0000 1.0000 1.0000 1.0000 1.0000 1.0000
 1245 2340.000 1.0000 1.0000 1.0000 1.0000 1.0000 1.0000 1.0000
 1246 2342.500 1.0000 1.0000 1.0000 1.0000 1.0000 1.0000 1.0000
 1247 2345.000 1.0000 1.0000 1.0000 1.0000 1.0000 1.0000 1.0000
 1248 2347.500 1.0000 1.0000 1.0000 1.0000 1.0000 1.0000 1.0000
 1249 2350.000 1.0000 1.0000 1.0000 1.0000 1.0000 1.0000 1.0000
 1250 2352.500 1.0000 1.0000 1.0000 1.0000 1.0000 1.0000 1.0000
 1251 2355.000 1.0000 1.0000 1.0000 1.0000 1.0000 1.0000 1.0000
 1252 2357.500 1.0000 1.0000 1.0000 1.0000 1.0000 1.0000 1.0000
 1253 2360.000 1.0000 1.0000 1.0000 1.0000 1.0000 1.0000 1.0000
 1254 2362.500 1.0000 1.0000 1.0000 1.0000 1.0000 1.0000 1.0000
 1255 2365.000 1.0000 1.0000 1.0000 1.0000 1.0000 1.0000 1.0000
 1256 2367.500 1.0000 1.0000 1.0000 1.0000 1.0000 1.0000 1.0000
 1257 2370.000 1.0000 1.0000 1.0000 1.0000 1.0000 1.0000 1.0000
 1258 2372.500 1.0000 1.0000 1.0000 1.0000 1.0000 1.0000 1.0000
 1259 2375.000 1.0000 1.0000 1.0000 1.0000 1.0000 1.0000 1.0000
 1260 2377.500 1.0000 1.0000 1.0000 1.0000 1.0000 1.0000 1.0000
 1261 2380.000 1.0000 1.0000 1.0000 1.0000 1.0000 1.0000 1.0000
 1262 2382.500 1.0000 1.0000 1.0000 1.0000 1.0000 1.0000 1.0000
 1263 2385.000 1.0000 1.0000 1.0000 1.0000 1.0000 1.0000 1.0000
 1264 2387.500 1.0000 1.0000 1.0000 1.0000 1.0000 1.0000 1.0000
 1265 2390.000 1.0000 1.0000 1.0000 1.0000 1.0000 1.0000 1.0000
 1266 2392.500 1.0000 1.0000 1.0000 1.0000 1.0000 1.0000 1.0000
 1267 2395.000 1.0000 1.0000 1.0000 1.0000 1.0000 1.0000 1.0000
 1268 2397.500 1.0000 1.0000 1.0000 1.0000 1.0000 1.0000 1.0000
 1269 2400.000 1.0000 1.0000 1.0000 1.0000 1.0000 1.0000 1.0000
 1270 2402.500 1.0000 1.0000 1.0000 1.0000 1.0000 1.0000 1.0000
 1271 2405.000 1.0000 1.0000 1.0000 1.0000 1.0000 1.0000 1.0000
 1272 2407.500 1.0000 1.0000 1.0000 1.0000 1.0000 1.0000 1.0000
 1273 2410.000 1.0000 1.0000 1.0000 1.0000 1.0000 1.0000 1.0000
 1274 2412.500 1.0000 1.0000 1.0000 1.0000 1.0000 1.0000 1.0000
 1275 2415.000 1.0000 1.0000 1.0000 1.0000 1.0000 1.0000 1.0000
 1276 2417.500 1.0000 1.0000 1.0000 1.0000 1.0000 1.0000 1.0000
 1277 2420.000 1.0000 1.0000 1.0000 1.0000 1.0000 1.0000 1.0000
 1278 2422.500 1.0000 1.0000 1.0000 1.0000 1.0000 1.0000 1.0000
 1279 2425.000 1.0000 1.0000 1.0000 1.0000 1.0000 1.0000 1.0000
 1280 2427.500 1.0000 1.0000 1.0000 1.0000 1.0000 1.0000 1.0000
 1281 2430.000 1.0000 1.0000 1.0000 1.0000 1.0000 1.0000 1.0000
 1282 2432.500 1.0000 1.0000 1.0000 1.0000 1.0000 1.0000 1.0000
 1283 2435.000 1.0000 1.0000 1.0000 1.0000 1.0000 1.0000 1.0000
 1284 2437.500 1.0000 1.0000 1.0000 1.0000 1.0000 1.0000 1.0000
 1285 2440.000 1.0000 1.0000 1.0000 1.0000 1.0000 1.0000 1.0000
 1286 2442.500 1.0000 1.0000 1.0000 1.0000 1.0000 1.0000 1.0000
 1287 2445.000 1.0000 1.0000 1.0000 1.0000 1.0000 1.0000 1.0000
 1288 2447.500 1.0000 1.0000 1.0000 1.0000 1.0000 1.0000 1.0000
 1289 2450.000 1.0000 1.0000 1.0000 1.0000 1.0000 1.0000 1.0000
 1290 2452.500 1.0000 1.0000 1.0000 1.0000 1.0000 1.0000 1.0000
 1291 2455.000 1.0000 1.0000 1.0000 1.0000 1.0000 1.0000 1.0000
 1292 2457.500 1.0000 1.0000 1.0000 1.0000 1.0000 1.0000 1.0000
 1293 2460.000 1.0000 1.0000 1.0000 1.0000 1.0000 1.0000 1.0000
 1294 2462.500 1.0000 1.0000 1.0000 1.0000 1.0000 1.0000 1.0000
 1295 2465.000 1.0000 1.0000 1.0000 1.0000 1.0000 1.0000 1.0000
 1296 2467.500 1.0000 1.0000 1.0000 1.0000 1.0000 1.0000 1.0000
 1297 2470.000 1.0000 1.0000 1.0000 1.0000 1.0000 1.0000 1.0000
 1298 2472.500 1.0000 1.0000 1.0000 1.0000 1.0000 1.0000 1.0000
 1299 2475.000 1.0000 1.0000 1.0000 1.0000 1.0000 1.0000 1.0000
 1300 2477.500 1.0000 1.0000 1.0000 1.0000 1.0000 1.0000 1.0000
 1301 2480.000 1.0000 1.0000 1.0000 1.0000 1.0000 1.0000 1.0000
 1302 2482.500 1.0000 1.0000 1.0000 1.0000 1.0000 1.0000 1.0000
 1303 2485.000 1.0000 1.0000 1.0000 1.0000 1.0000 1.0000 1.0000
 1304 2487.500 1.0000 1.0000 1.0000 1.0000 1.0000 1.0000 1.0000
 1305 2490.000 1.0000 1.0000 1.0000 1.0000 1.0000 1.0000 1.0000
 1306 2492.500 1.0000 1.0000 1.0000 1.0000 1.0000 1.0000 1.0000
 1307 2495.000 1.0000 1.0000 1.0000 1.0000 1.0000 1.0000 1.0000
 1308 2497.500 1.0000 1.0000 1.0000 1.0000 1.0000 1.0000 1.0000
 1309 2500.000 1.0000 1.0000 1.0000 1.0000 1.0000 1.0000 1.0000
 1310 2502.500 1.0000 1.0000 1.0000 1.0000 1.0000 1.0000 1.0000
 1311 2505.000 1.0000 1.0000 1.0000 1.0000 1.0000 1.0000 1.0000
 1312 2507.500 1.0000 1.0000 1.0000 1.0000 1.0000 1.0000 1.0000
 1313 2510.000 1.0000 1.0000 1.0000 1.0000 1.0000 1.0000 1.0000
 1314 2512.500 1.0000 1.0000 1.0000 1.0000 1.0000 1.0000 1.0000
 1315 2515.000 1.0000 1.0000 1.0000 1.0000 1.0000 1.0000 1.0000
 1316 2517.500 1.0000 1.0000 1.0000 1.0000 1.0000 1.0000 1.0000
 1317 2520.000 1.0000 1.0000 1.0000 1.0000 1.0000 1.0000 1.0000
 1318 2522.500 1.0000 1.0000 1.0000 1.0000 1.0000 1.0000 1.0000
 1319 2525.000 1.0000 1.0000 1.0000 1.0000 1.0000 1.0000 1.0000
 1320 2527.500 1.0000 1.0000 1.0000 1.0000 1.0000 1.0000 1.0000
 1321 2530.000 1.0000 1.0000 1.0000 1.0000 1.0000 1.0000 1.0000
 1322 2532.500 1.0000 1.0000 1.0000 1.0000 1.0000 1.0000 1.0000
 1323 2535.000 1.0000 1.0000 1.0000 1.0000 1.0000 1.0000 1.0000
 1324 2537.500 1.0000 1.0000 1.0000 1.0000 1.0000 1.0000 1.0000
 1325 2540.000 1.0000 1.0000 1.0000 1.0000 1.0000 1.0000 1.0000
 1326 2542.500 1.0000 1.0000 1.0000 1.0000 1.0000 1.0000 1.0000
 1327 2545.000 1.0000 1.0000 1.0000 1.0000 1.0000 1.0000 1.0000
 1328 2547.500 1.0000 1.0000 1.0000 1.0000 1.0000 1.0000 1.0000
 1329 2550.000 1.0000 1.0000 1.0000 1.0000 1.0000 1.0000 1.0000
 1330 2552.500 1.0000 1.0000 1.0000 1.0000 1.0000 1.0000 1.0000
 1331 2555.000 1.0000 1.0000 1.0000 1.0000 1.0000 1.0000 1.0000
 1332 2557.500 1.0000 1.0000 1.0000 1.0000 1.0000 1.0000 1.0000
 1333 2560.000 1.0000 1.0000 1.0000 1.0000 1.0000 1.0000 1.0000
 1334 2562.500 1.0000 1.0000 1.0000 1.0000 1.0000 1.0000 1.0000
 1335 2565.000 1.0000 1.0000 1.0000 1.0000 1.0000 1.0000 1.0000
 1336 2567.500 1.0000 1.0000 1.0000 1.0000 1.0000 1.0000 1.0000
 1337 2570.000 1.0000 1.0000 1.0000 1.0000 1.0000 1.0000 1.0000
 1338 2572.500 1.0000 1.0000 1.0000 1.0000 1.0000 1.0000 1.0000
 1339 2575.000 1.0000 1.0000 1.0000 1.0000 1.0000 1.0000 1.0000
 1340 2577.500 1.0000 1.0000 1.0000 1.0000 1.0000 1.0000 1.0000
 1341 2580.000 1.0000 1.0000 1.0000 1.0000 1.0000 1.0000 1.0000
 1342 2582.500 1.0000 1.0000 1.0000 1.0000 1.0000 1.0000 1.0000
 1343 2585.000 1.0000 1.0000 1.0000 1.0000 1.0000 1.0000 1.0000
 1344 2587.500 1.0000 1.0000 1.0000 1.0000 1.0000 1.0000 1.0000
 1345 2590.000 1.0000 1.0000 1.0000 1.0000 1.0000 1.0000 1.0000
 1346 2592.500 1.0000 1.0000 1.0000 1.0000 1.0000 1.0000 1.0000
 1347 2595.000 1.0000 1.0000 1.0000 1.0000 1.0000 1.0000 1.0000
 1348 2597.500 1.0000 1.0000 1.0000 1.0000 1.0000 1.0000 1.0000
 1349 2600.000 1.0000 1.0000 1.0000 1.0000 1.0000 1.0000 1.0000
 1350 2602.500 1.0000 1.0000 1.0000 1.0000 1.0000 1.0000 1.0000
 1351 2605.000 1.0000 1.0000 1.0000 1.0000 1.0000 1.0000 1.0000
 1352 2607.500 1.0000 1.0000 1.0000 1.0000 1.0000 1.0000 1.0000
 1353 2610.000 1.0000 1.0000 1.0000 1.0000 1.0000 1.0000 1.0000
 1354 2612.500 1.0000 1.0000 1.0000 1.0000 1.0000 1.0000 1.0000
 1355 2615.000 1.0000 1.0000 1.0000 1.0000 1.0000 1.0000 1.0000
 1356 2617.500 1.0000 1.0000 1.0000 1.0000 1.0000 1.0000 1.0000
 1357 2620.000 1.0000 1.0000 1.0000 1.0000 1.0000 1.0000 1.0000
 1358 2622.500 1.0000 1.0000 1.0000 1.0000 1.0000 1.0000 1.0000
 1359 2625.000 1.0000 1.0000 1.0000 1.0000 1.0000 1.0000 1.0000
 1360 2627.500 1.0000 1.0000 1.0000 1.0000 1.0000 1.0000 1.0000
 1361 2630.000 1.0000 1.0000 1.0000 1.0000 1.0000 1.0000 1.0000
 1362 2632.500 1.0000 1.0000 1.0000 1.0000 1.0000 1.0000 1.0000
 1363 2635.000 1.0000 1.0000 1.0000 1.0000 1.0000 1.0000 1.0000
 1364 2637.500 1.0000 1.0000 1.0000 1.0000 1.0000 1.0000 1.0000
 1365 2640.000 1.0000 1.0000 1.0000 1.0000 1.0000 1.0000 1.0000
 1366 2642.500 1.0000 1.0000 1.0000 1.0000 1.0000 1.0000 1.0000
 1367 2645.000 1.0000 1.0000 1.0000 1.0000 1.0000 1.0000 1.0000
 1368 2647.500 1.0000 1.0000 1.0000 1.0000 1.0000 1.0000 1.0000
 1369 2650.000 1.0000 1.0000 1.0000 1.0000 1.0000 1.0000 1.0000
 1370 2652.500 1.0000 1.0000 1.0000 1.0000 1.0000 1.0000 1.0000
 1371 2655.000 1.0000 1.0000 1.0000 1.0000 1.0000 1.0000 1.0000
 1372 2657.500 1.0000 1.0000 1.0000 1.0000 1.0000 1.0000 1.0000
 1373 2660.000 1.0000 1.0000 1.0000 1.0000 1.0000 1.0000 1.0000
 1374 2662.500 1.0000 1.0000 1.0000 1.0000 1.0000 1.0000 1.0000
 1375 2665.000 1.0000 1.0000 1.0000 1.0000 1.0000 1.0000 1.0000
 1376 2667.500 1.0000 1.0000 1.0000 1.0000 1.0000 1.0000 1.0000
 1377 2670.000 1.0000 1.0000 1.0000 1.0000 1.0000 1.0000 1.0000
 1378 2672.500 1.0000 1.0000 1.0000 1.0000 1.0000 1.0000 1.0000
 1379 2675.000 1.0000 1.0000 1.0000 1.0000 1.0000 1.0000 1.0000
 1380 2677.500 1.0000 1.0000 1.0000 1.0000 1.0000 1.0000 1.0000
 1381 2680.000 1.0000 1.0000 1.0000 1.0000 1.0000 1.0000 1.0000
 1382 2682.500 1.0000 1.0000 1.0000 1.0000 1.0000 1.0000 1.0000
 1383 2685.000 1.0000 1.0000 1.0000 1.0000 1.0000 1.0000 1.0000
 1384 2687.500 1.0000 1.0000 1.0000 1.0000 1.0000 1.0000 1.0000
 1385 2690.000 1.0000 1.0000 1.0000 1.0000 1.0000 1.0000 1.0000
 1386 2692.500 1.0000 1.0000 1.0000 1.0000 1.0000 1.0000 1.0000
 1387 2695.000 1.0000 1.0000 1.0000 1.0000 1.0000 1.0000 1.0000
 1388 2697.500 1.0000 1.0000 1.0000 1.0000 1.0000 1.0000 1.0000
 1389 2700.000 1.0000 1.0000 1.0000 1.0000 1.0000 1.0000 1.0000
 1390 2702.500 1.0000 1.0000 1.0000 1.0000 1.0000 1.0000 1.0000
 1391 2705.000 1.0000 1.0000 1.0000 1.0000 1.0000 1.0000 1.0000
 1392 2707.500 1.0000 1.0000 1.0000 1.0000 1.0000 1.0000 1.0000
 1393 2710.000 1.0000 1.0000 1.0000 1.0000 1.0000 1.0000 1.0000
 1394 2712.500 1.0000 1.0000 1.0000 1.0000 1.0000 1.0000 1.0000
 1395 2715.000 1.0000 1.0000 1.0000 1.0000 1.0000 1.0000 1.0000
 1396 2717.500 1.0000 1.0000 1.0000 1.0000 1.0000 1.0000 1.0000
 1397 2720.000 1.0000 1.0000 1.0000 1.0000 1.0000 1.0000 1.0000
 1398 2722.500 1.0000 1.0000 1.0000 1.0000 1.0000 1.0000 1.0000
 1399 2725.000 1.0000 1.0000 1.0000 1.0000 1.0000 1.0000 1.0000
 1400 2727.500 1.0000 1.0000 1.0000 1.0000 1.0000 1.0000 1.0000
 1401 2730.000 1.0000 1.0000 1.0000 1.0000 1.0000 1.0000 1.0000
 1402 2732.500 1.0000 1.0000 1.0000 1.0000 1.0000 1.0000 1.0000
 1403 2735.000 1.0000 1.0000 1.0000 1.0000 1.0000 1.0000 1.0000
 1404 2737.500 1.0000 1.0000 1.0000 1.0000 1.0000 1.0000 1.0000
 1405 2740.000 1.0000 1.0000 1.0000 1.0000 1.0000 1.0000 1.0000
 1406 2742.500 1.0000 1.0000 1.0000 1.0000 1.0000 1.0000 1.0000
 1407 2745.000 1.0000 1.0000 1.0000 1.0000 1.0000 1.0000 1.0000
 1408 2747.500 1.0000 1.0000 1.0000 1.0000 1.0000 1.0000 1.0000
 1409 2750.000 1.0000 1.0000 1.0000 1.0000 1.0000 1.0000 1.0000
 1410 2752.500 1.0000 1.0000 1.0000 1.0000 1.0000 1.0000 1.0000
 1411 2755.000 1.0000 1.0000 1.0000 1.0000 1.0000 1.0000 1.0000
 1412 2757.500 1.0000 1.0000 1.0000 1.0000 1.0000 1.0000 1.0000
 1413 2760.000 1.0000 1.0000 1.0000 1.0000 1.0000 1.0000 1.0000
 1414 2762.500 1.0000 1.0000 1.0000 1.0000 1.0000 1.0000 1.0000
 1415 2765.000 1.0000 1.0000 1.0000 1.0000 1.0000 1.0000 1.0000
 1416 2767.500 1.0000 1.0000 1.0000 1.0000 1.0000 1.0000 1.0000
 1417 2770.000 1.0000 1.0000 1.0000 1.0000 1.0000 1.0000 1.0000
 1418 2772.500 1.0000 1.0000 1.0000 1.0000 1.0000 1.0000 1.0000
 1419 2775.000 1.0000 1.0000 1.0000 1.0000 1.0000 1.0000 1.0000
 1420 2777.500 1.0000 1.0000 1.0000 1.0000 1.0000 1.0000 1.0000
 1421 2780.000 1.0000 1.0000 1.0000 1.0000 1.0000 1.0000 1.0000
 1422 2782.500 1.0000 1.0000 1.0000 1.0000 1.0000 1.0000 1.0000
 1423 2785.000 1.0000 1.0000 1.0000 1.0000 1.0000 1.0000 1.0000
 1424 2787.500 1.0000 1.0000 1.0000 1.0000 1.0000 1.0000 1.0000
 1425 2790.000 1.0000 1.0000 1.0000 1.0000 1.0000 1.0000 1.0000
 1426 2792.500 1.0000 1.0000 1.0000 1.0000 1.0000 1.0000 1.0000
 1427 2795.000 1.0000 1.0000 1.0000 1.0000 1.0000 1.0000 1.0000
 1428 2797.500 1.0000 1.0000 1.0000 1.0000 1.0000 1.0000 1.0000
 1429 2800.000 1.0000 1.0000 1.0000 1.0000 1.0000 1.0000 1.0000
