! Ref profile made by /home/sergio/OTHERSTUFF/klayersV205_Mars/Data/mars_sergio_rtp.m 
! lay   number   p(atm)   pp(atm)   T(K)   q(kmol/cm2) 
!----------------------------------------------------- 
  1  0.0127252 2.0346035e+01 248.7895050 3.1428144e-08 
  1  0.0125153 2.0010309e+01 248.6050873 3.1686451e-08 
  1  0.0123038 1.9672445e+01 248.4161072 3.1924181e-08 
  1  0.0120909 1.9331808e+01 248.2224884 3.2142765e-08 
  1  0.0118766 1.8989258e+01 248.0242004 3.2342445e-08 
  1  0.0116610 1.8644646e+01 247.8211212 3.2522824e-08 
  1  0.0114444 1.8298265e+01 247.6131897 3.2681360e-08 
  1  0.0112269 1.7950552e+01 247.4004211 3.2820648e-08 
  1  0.0110085 1.7601360e+01 247.1826172 3.2939376e-08 
  1  0.0107895 1.7251060e+01 246.9597168 3.3039129e-08 
  1  0.0105699 1.6900049e+01 246.7317352 3.3119541e-08 
  1  0.0103499 1.6548220e+01 246.4985352 3.3178026e-08 
  1  0.0101296 1.6196196e+01 246.2599487 3.3215670e-08 
  1  0.0099092 1.5843781e+01 246.0160522 3.3237431e-08 
  1  0.0096888 1.5491274e+01 245.7666321 3.3233928e-08 
  1  0.0094685 1.5139152e+01 245.5116272 3.3215798e-08 
  1  0.0092485 1.4787315e+01 245.2509308 3.3172316e-08 
  1  0.0090289 1.4436152e+01 244.9844513 3.3114208e-08 
  1  0.0088098 1.4085815e+01 244.7120514 3.3032535e-08 
  1  0.0085913 1.3736622e+01 244.4336090 3.2934516e-08 
  1  0.0083737 1.3388608e+01 244.1490936 3.2814334e-08 
  1  0.0081570 1.3042033e+01 243.8582916 3.2676265e-08 
  1  0.0079413 1.2697166e+01 243.5611725 3.2518994e-08 
  1  0.0077267 1.2354133e+01 243.2574768 3.2342349e-08 
  1  0.0075135 1.2013195e+01 242.9471283 3.2147987e-08 
  1  0.0073017 1.1674521e+01 242.6300507 3.1935688e-08 
  1  0.0070914 1.1338277e+01 242.3060455 3.1702612e-08 
  1  0.0068828 1.1004728e+01 241.9749146 3.1453137e-08 
  1  0.0066759 1.0674009e+01 241.6365509 3.1187199e-08 
  1  0.0064709 1.0346327e+01 241.2908173 3.0902093e-08 
  1  0.0062680 1.0021788e+01 240.9375153 3.0600290e-08 
  1  0.0060671 9.7006674e+00 240.5763397 3.0283655e-08 
  1  0.0058685 9.3831129e+00 240.2072754 2.9947440e-08 
  1  0.0056723 9.0692854e+00 239.8300934 2.9596347e-08 
  1  0.0054784 8.7593498e+00 239.4445496 2.9231675e-08 
  1  0.0052871 8.4534817e+00 239.0504608 2.8849099e-08 
  1  0.0050984 8.1518459e+00 238.6475525 2.8452744e-08 
  1  0.0049125 7.8545518e+00 238.2355957 2.8041583e-08 
  1  0.0047294 7.5618129e+00 237.8144379 2.7616410e-08 
  1  0.0045492 7.2736921e+00 237.3837433 2.7179377e-08 
  1  0.0043720 6.9903965e+00 236.9432220 2.6725624e-08 
  1  0.0041979 6.7120237e+00 236.4926453 2.6264161e-08 
  1  0.0040270 6.4387231e+00 236.0317230 2.5786079e-08 
  1  0.0038593 6.1706028e+00 235.5600891 2.5298847e-08 
  1  0.0036949 5.9078393e+00 234.7834473 2.4800856e-08 
  1  0.0035339 5.6504254e+00 233.6900940 2.4292010e-08 
  1  0.0033764 5.3985367e+00 232.6098022 2.3772285e-08 
  1  0.0032223 5.1522274e+00 231.5431366 2.3244853e-08 
  1  0.0030719 4.9116321e+00 230.4564514 2.2707987e-08 
  1  0.0029250 4.6768308e+00 229.3491516 2.2161656e-08 
  1  0.0027818 4.4478998e+00 228.2207642 2.1609081e-08 
  1  0.0026424 4.2248983e+00 227.0708160 2.1050131e-08 
  1  0.0025066 4.0079117e+00 225.8988953 2.0483172e-08 
  1  0.0023747 3.7969794e+00 224.7042084 1.9912799e-08 
  1  0.0022466 3.5921481e+00 223.4865112 1.9337360e-08 
  1  0.0021223 3.3934639e+00 222.2448120 1.8755628e-08 
  1  0.0020020 3.2009752e+00 220.9788666 1.8173379e-08 
  1  0.0018854 3.0146925e+00 219.6876678 1.7585901e-08 
  1  0.0017728 2.8346496e+00 218.3710022 1.6996704e-08 
  1  0.0016641 2.6608582e+00 217.0278625 1.6408237e-08 
  1  0.0015594 2.4933064e+00 215.6576385 1.5816312e-08 
  1  0.0014585 2.3320091e+00 214.2592926 1.5226817e-08 
  1  0.0013615 2.1769469e+00 212.8324432 1.4635340e-08 
  1  0.0012684 2.0281034e+00 211.3758087 1.4049344e-08 
  1  0.0011792 1.8854454e+00 209.8888092 1.3464152e-08 
  1  0.0010938 1.7489361e+00 208.3701477 1.2881439e-08 
  1  0.0010123 1.6185426e+00 206.8194427 1.2302640e-08 
  1  0.0009345 1.4942149e+00 205.2349854 1.1729345e-08 
  1  0.0008605 1.3758779e+00 203.6162720 1.1161428e-08 
  1  0.0007902 1.2634704e+00 201.9614563 1.0600435e-08 
  1  0.0007235 1.1569093e+00 200.2700195 1.0046401e-08 
  1  0.0006605 1.0561246e+00 198.5401001 9.4978363e-09 
  1  0.0006010 9.6101886e-01 196.7711945 8.9607379e-09 
  1  0.0005450 8.7148029e-01 194.9605560 8.4336653e-09 
  1  0.0004924 7.8740609e-01 193.1080475 7.9135081e-09 
  1  0.0004432 7.0869154e-01 191.2111969 7.4064035e-09 
  1  0.0003972 6.3519210e-01 189.2690125 6.9123751e-09 
  1  0.0003545 5.6679112e-01 187.2787628 6.4268089e-09 
  1  0.0003148 5.0334364e-01 185.2400513 5.9588920e-09 
  1  0.0002781 4.4469655e-01 183.1488953 5.5025864e-09 
  1  0.0002443 3.9070246e-01 181.0054932 5.0609112e-09 
  1  0.0002134 3.4120858e-01 178.8059845 4.6338444e-09 
  1  0.0001851 2.9603624e-01 176.5500488 4.2246047e-09 
  1  0.0001595 2.5500864e-01 174.2325439 3.8315568e-09 
  1  0.0001363 2.1794814e-01 171.8544006 3.4547891e-09 
  1  0.0001155 1.8467742e-01 169.4103851 3.0958704e-09 
  1  0.0000969 1.5499440e-01 166.9014282 2.7563525e-09 
  1  0.0000805 1.2870662e-01 164.3209686 2.4347624e-09 
  1  0.0000660 1.0561234e-01 161.6725159 2.1326572e-09 
  1  0.0000535 8.5510835e-02 158.9487610 1.8500842e-09 
  1  0.0000426 6.8184003e-02 156.1553955 1.5886628e-09 
  1  0.0000334 5.3423915e-02 153.2835541 1.3468675e-09 
  1  0.0000256 4.1020978e-02 150.3477936 1.1247600e-09 
  1  0.0000192 3.0766115e-02 147.3406982 9.2396735e-10 
  1  0.0000140 2.2433536e-02 144.2887573 7.4455903e-10 
  1  0.0000099 1.5815563e-02 141.1882935 5.8502347e-10 
  1  0.0000067 1.0693375e-02 138.1019135 4.4702572e-10 
  1  0.0000043 6.8590394e-03 135.0406342 3.2907041e-10 
  1  0.0000026 4.1123964e-03 131.9637146 2.2965077e-10 
  1  0.0000014 2.2464900e-03 129.3316040 1.5206457e-10 
