! Ref profile made by /home/sergio/OTHERSTUFF/klayersV205_Mars/Data/mars_sergio_rtp.m 
! lay   number   p(atm)   pp(atm)   T(K)   q(kmol/cm2) 
!----------------------------------------------------- 
  1  0.0127252 2.6709783e+00 248.7895050 4.1258112e-09 
  1  0.0125153 2.6269052e+00 248.6050873 4.1597206e-09 
  1  0.0123038 2.5825510e+00 248.4161072 4.1909294e-09 
  1  0.0120909 2.5378335e+00 248.2224884 4.2196246e-09 
  1  0.0118766 2.4928637e+00 248.0242004 4.2458375e-09 
  1  0.0116610 2.4476237e+00 247.8211212 4.2695176e-09 
  1  0.0114444 2.4021516e+00 247.6131897 4.2903294e-09 
  1  0.0112269 2.3565052e+00 247.4004211 4.3086152e-09 
  1  0.0110085 2.3106639e+00 247.1826172 4.3242014e-09 
  1  0.0107895 2.2646775e+00 246.9597168 4.3372972e-09 
  1  0.0105699 2.2185974e+00 246.7317352 4.3478527e-09 
  1  0.0103499 2.1724100e+00 246.4985352 4.3555306e-09 
  1  0.0101296 2.1261973e+00 246.2599487 4.3604733e-09 
  1  0.0099092 2.0799329e+00 246.0160522 4.3633293e-09 
  1  0.0096888 2.0336571e+00 245.7666321 4.3628696e-09 
  1  0.0094685 1.9874313e+00 245.5116272 4.3604902e-09 
  1  0.0092485 1.9412432e+00 245.2509308 4.3547819e-09 
  1  0.0090289 1.8951433e+00 244.9844513 4.3471533e-09 
  1  0.0088098 1.8491515e+00 244.7120514 4.3364303e-09 
  1  0.0085913 1.8033105e+00 244.4336090 4.3235637e-09 
  1  0.0083737 1.7576243e+00 244.1490936 4.3077866e-09 
  1  0.0081570 1.7121265e+00 243.8582916 4.2896611e-09 
  1  0.0079413 1.6668532e+00 243.5611725 4.2690145e-09 
  1  0.0077267 1.6218207e+00 243.2574768 4.2458255e-09 
  1  0.0075135 1.5770631e+00 242.9471283 4.2203094e-09 
  1  0.0073017 1.5326029e+00 242.6300507 4.1924397e-09 
  1  0.0070914 1.4884613e+00 242.3060455 4.1618420e-09 
  1  0.0068828 1.4446738e+00 241.9749146 4.1290908e-09 
  1  0.0066759 1.4012581e+00 241.6365509 4.0941797e-09 
  1  0.0064709 1.3582405e+00 241.2908173 4.0567509e-09 
  1  0.0062680 1.3156359e+00 240.9375153 4.0171324e-09 
  1  0.0060671 1.2734801e+00 240.5763397 3.9755648e-09 
  1  0.0058685 1.2317926e+00 240.2072754 3.9314276e-09 
  1  0.0056723 1.1905936e+00 239.8300934 3.8853365e-09 
  1  0.0054784 1.1499062e+00 239.4445496 3.8374632e-09 
  1  0.0052871 1.1097527e+00 239.0504608 3.7872399e-09 
  1  0.0050984 1.0701544e+00 238.6475525 3.7352073e-09 
  1  0.0049125 1.0311265e+00 238.2355957 3.6812313e-09 
  1  0.0047294 9.9269629e-01 237.8144379 3.6254151e-09 
  1  0.0045492 9.5487261e-01 237.3837433 3.5680425e-09 
  1  0.0043720 9.1768241e-01 236.9432220 3.5084753e-09 
  1  0.0041979 8.8113821e-01 236.4926453 3.4478955e-09 
  1  0.0040270 8.4526002e-01 236.0317230 3.3851340e-09 
  1  0.0038593 8.1006169e-01 235.5600891 3.3211713e-09 
  1  0.0036949 7.7556682e-01 234.7834473 3.2557965e-09 
  1  0.0035339 7.4177402e-01 233.6900940 3.1889960e-09 
  1  0.0033764 7.0870674e-01 232.6098022 3.1207676e-09 
  1  0.0032223 6.7637199e-01 231.5431366 3.0515281e-09 
  1  0.0030719 6.4478707e-01 230.4564514 2.9810492e-09 
  1  0.0029250 6.1396301e-01 229.3491516 2.9093281e-09 
  1  0.0027818 5.8390939e-01 228.2207642 2.8367875e-09 
  1  0.0026424 5.5463433e-01 227.0708160 2.7634097e-09 
  1  0.0025066 5.2614892e-01 225.8988953 2.6889815e-09 
  1  0.0023747 4.9845827e-01 224.7042084 2.6141040e-09 
  1  0.0022466 4.7156841e-01 223.4865112 2.5385616e-09 
  1  0.0021223 4.4548571e-01 222.2448120 2.4621933e-09 
  1  0.0020020 4.2021626e-01 220.9788666 2.3857569e-09 
  1  0.0018854 3.9576155e-01 219.6876678 2.3086342e-09 
  1  0.0017728 3.7212592e-01 218.3710022 2.2312858e-09 
  1  0.0016641 3.4931099e-01 217.0278625 2.1540334e-09 
  1  0.0015594 3.2731527e-01 215.6576385 2.0763271e-09 
  1  0.0014585 3.0614051e-01 214.2592926 1.9989397e-09 
  1  0.0013615 2.8578430e-01 212.8324432 1.9212920e-09 
  1  0.0012684 2.6624450e-01 211.3758087 1.8443637e-09 
  1  0.0011792 2.4751669e-01 209.8888092 1.7675412e-09 
  1  0.0010938 2.2959609e-01 208.3701477 1.6910441e-09 
  1  0.0010123 2.1247837e-01 206.8194427 1.6150610e-09 
  1  0.0009345 1.9615687e-01 205.2349854 1.5398000e-09 
  1  0.0008605 1.8062191e-01 203.6162720 1.4652454e-09 
  1  0.0007902 1.6586532e-01 201.9614563 1.3915992e-09 
  1  0.0007235 1.5187624e-01 200.2700195 1.3188669e-09 
  1  0.0006605 1.3864546e-01 198.5401001 1.2468530e-09 
  1  0.0006010 1.2616023e-01 196.7711945 1.1763439e-09 
  1  0.0005450 1.1440580e-01 194.9605560 1.1071509e-09 
  1  0.0004924 1.0336874e-01 193.1080475 1.0388660e-09 
  1  0.0004432 9.3035318e-02 191.2111969 9.7229469e-10 
  1  0.0003972 8.3386481e-02 189.2690125 9.0743990e-10 
  1  0.0003545 7.4406959e-02 187.2787628 8.4369584e-10 
  1  0.0003148 6.6077732e-02 185.2400513 7.8226886e-10 
  1  0.0002781 5.8378667e-02 183.1488953 7.2236611e-10 
  1  0.0002443 5.1290479e-02 181.0054932 6.6438421e-10 
  1  0.0002134 4.4793040e-02 178.8059845 6.0831989e-10 
  1  0.0001851 3.8862918e-02 176.5500488 5.5459587e-10 
  1  0.0001595 3.3476911e-02 174.2325439 5.0299748e-10 
  1  0.0001363 2.8611703e-02 171.8544006 4.5353635e-10 
  1  0.0001155 2.4244003e-02 169.4103851 4.0641834e-10 
  1  0.0000969 2.0347290e-02 166.9014282 3.6184725e-10 
  1  0.0000805 1.6896294e-02 164.3209686 3.1962968e-10 
  1  0.0000660 1.3864533e-02 161.6725159 2.7997005e-10 
  1  0.0000535 1.1225655e-02 158.9487610 2.4287455e-10 
  1  0.0000426 8.9510307e-03 156.1553955 2.0855580e-10 
  1  0.0000334 7.0133628e-03 153.2835541 1.7681351e-10 
  1  0.0000256 5.3851353e-03 150.3477936 1.4765578e-10 
  1  0.0000192 4.0389011e-03 147.3406982 1.2129618e-10 
  1  0.0000140 2.9450199e-03 144.2887573 9.7743903e-11 
  1  0.0000099 2.0762286e-03 141.1882935 7.6800455e-11 
  1  0.0000067 1.4038004e-03 138.1019135 5.8684467e-11 
  1  0.0000043 9.0043811e-04 135.0406342 4.3199565e-11 
  1  0.0000026 5.3986552e-04 131.9637146 3.0147995e-11 
  1  0.0000014 2.9491374e-04 129.3316040 1.9962669e-11 
