! Ref profile made by /home/sergio/OTHERSTUFF/klayersV205_Mars/Data/mars_sergio_rtp.m 
! lay   number   p(atm)   pp(atm)   T(K)   q(kmol/cm2) 
!----------------------------------------------------- 
  1  0.0127252 3.2935144e+02 248.7895050 5.0874314e-07 
  1  0.0125153 3.2391690e+02 248.6050873 5.1292449e-07 
  1  0.0123038 3.1844775e+02 248.4161072 5.1677273e-07 
  1  0.0120909 3.1293372e+02 248.2224884 5.2031106e-07 
  1  0.0118766 3.0738858e+02 248.0242004 5.2354329e-07 
  1  0.0116610 3.0181021e+02 247.8211212 5.2646317e-07 
  1  0.0114444 2.9620316e+02 247.6131897 5.2902953e-07 
  1  0.0112269 2.9057465e+02 247.4004211 5.3128429e-07 
  1  0.0110085 2.8492209e+02 247.1826172 5.3320622e-07 
  1  0.0107895 2.7925159e+02 246.9597168 5.3482103e-07 
  1  0.0105699 2.7356955e+02 246.7317352 5.3612263e-07 
  1  0.0103499 2.6787433e+02 246.4985352 5.3706930e-07 
  1  0.0101296 2.6217593e+02 246.2599487 5.3767872e-07 
  1  0.0099092 2.5647122e+02 246.0160522 5.3803097e-07 
  1  0.0096888 2.5076501e+02 245.7666321 5.3797424e-07 
  1  0.0094685 2.4506506e+02 245.5116272 5.3768082e-07 
  1  0.0092485 2.3936967e+02 245.2509308 5.3697693e-07 
  1  0.0090289 2.3368529e+02 244.9844513 5.3603640e-07 
  1  0.0088098 2.2801418e+02 244.7120514 5.3471416e-07 
  1  0.0085913 2.2236160e+02 244.4336090 5.3312760e-07 
  1  0.0083737 2.1672815e+02 244.1490936 5.3118214e-07 
  1  0.0081570 2.1111787e+02 243.8582916 5.2894706e-07 
  1  0.0079413 2.0553540e+02 243.5611725 5.2640127e-07 
  1  0.0077267 1.9998256e+02 243.2574768 5.2354187e-07 
  1  0.0075135 1.9446361e+02 242.9471283 5.2039553e-07 
  1  0.0073017 1.8898131e+02 242.6300507 5.1695895e-07 
  1  0.0070914 1.8353831e+02 242.3060455 5.1318608e-07 
  1  0.0068828 1.7813905e+02 241.9749146 5.0914770e-07 
  1  0.0066759 1.7278555e+02 241.6365509 5.0484289e-07 
  1  0.0064709 1.6748116e+02 241.2908173 5.0022760e-07 
  1  0.0062680 1.6222769e+02 240.9375153 4.9534219e-07 
  1  0.0060671 1.5702954e+02 240.5763397 4.9021668e-07 
  1  0.0058685 1.5188918e+02 240.2072754 4.8477426e-07 
  1  0.0056723 1.4680905e+02 239.8300934 4.7909083e-07 
  1  0.0054784 1.4179199e+02 239.4445496 4.7318778e-07 
  1  0.0052871 1.3684074e+02 239.0504608 4.6699481e-07 
  1  0.0050984 1.3195801e+02 238.6475525 4.6057883e-07 
  1  0.0049125 1.2714556e+02 238.2355957 4.5392315e-07 
  1  0.0047294 1.2240684e+02 237.8144379 4.4704066e-07 
  1  0.0045492 1.1774290e+02 237.3837433 4.3996621e-07 
  1  0.0043720 1.1315706e+02 236.9432220 4.3262105e-07 
  1  0.0041979 1.0865090e+02 236.4926453 4.2515114e-07 
  1  0.0040270 1.0422684e+02 236.0317230 4.1741217e-07 
  1  0.0038593 9.9886642e+01 235.5600891 4.0952514e-07 
  1  0.0036949 9.5633156e+01 234.7834473 4.0146392e-07 
  1  0.0035339 9.1466270e+01 233.6900940 3.9322694e-07 
  1  0.0033764 8.7388824e+01 232.6098022 3.8481389e-07 
  1  0.0032223 8.3401711e+01 231.5431366 3.7627615e-07 
  1  0.0030719 7.9507050e+01 230.4564514 3.6758556e-07 
  1  0.0029250 7.5706200e+01 229.3491516 3.5874180e-07 
  1  0.0027818 7.2000389e+01 228.2207642 3.4979703e-07 
  1  0.0026424 6.8390549e+01 227.0708160 3.4074904e-07 
  1  0.0025066 6.4878075e+01 225.8988953 3.3157141e-07 
  1  0.0023747 6.1463623e+01 224.7042084 3.2233854e-07 
  1  0.0022466 5.8147900e+01 223.4865112 3.1302358e-07 
  1  0.0021223 5.4931705e+01 222.2448120 3.0360675e-07 
  1  0.0020020 5.1815796e+01 220.9788666 2.9418160e-07 
  1  0.0018854 4.8800350e+01 219.6876678 2.8467181e-07 
  1  0.0017728 4.5885895e+01 218.3710022 2.7513417e-07 
  1  0.0016641 4.3072639e+01 217.0278625 2.6560832e-07 
  1  0.0015594 4.0360405e+01 215.6576385 2.5602657e-07 
  1  0.0014585 3.7749405e+01 214.2592926 2.4648415e-07 
  1  0.0013615 3.5239334e+01 212.8324432 2.3690960e-07 
  1  0.0012684 3.2829929e+01 211.3758087 2.2742377e-07 
  1  0.0011792 3.0520647e+01 209.8888092 2.1795097e-07 
  1  0.0010938 2.8310902e+01 208.3701477 2.0851829e-07 
  1  0.0010123 2.6200165e+01 206.8194427 1.9914903e-07 
  1  0.0009345 2.4187603e+01 205.2349854 1.8986877e-07 
  1  0.0008605 2.2272024e+01 203.6162720 1.8067566e-07 
  1  0.0007902 2.0452429e+01 201.9614563 1.7159454e-07 
  1  0.0007235 1.8727472e+01 200.2700195 1.6262612e-07 
  1  0.0006605 1.7096014e+01 198.5401001 1.5374624e-07 
  1  0.0006010 1.5556496e+01 196.7711945 1.4505197e-07 
  1  0.0005450 1.4107086e+01 194.9605560 1.3651994e-07 
  1  0.0004924 1.2746136e+01 193.1080475 1.2809991e-07 
  1  0.0004432 1.1471947e+01 191.2111969 1.1989117e-07 
  1  0.0003972 1.0282173e+01 189.2690125 1.1189410e-07 
  1  0.0003545 9.1749325e+00 187.2787628 1.0403397e-07 
  1  0.0003148 8.1478758e+00 185.2400513 9.6459566e-08 
  1  0.0002781 7.1985250e+00 183.1488953 8.9073126e-08 
  1  0.0002443 6.3244967e+00 181.0054932 8.1923510e-08 
  1  0.0002134 5.5233135e+00 178.8059845 7.5010362e-08 
  1  0.0001851 4.7920876e+00 176.5500488 6.8385802e-08 
  1  0.0001595 4.1279526e+00 174.2325439 6.2023339e-08 
  1  0.0001363 3.5280359e+00 171.8544006 5.5924403e-08 
  1  0.0001155 2.9894662e+00 169.4103851 5.0114405e-08 
  1  0.0000969 2.5089722e+00 166.9014282 4.4618464e-08 
  1  0.0000805 2.0834386e+00 164.3209686 3.9412718e-08 
  1  0.0000660 1.7096000e+00 161.6725159 3.4522390e-08 
  1  0.0000535 1.3842068e+00 158.9487610 2.9948239e-08 
  1  0.0000426 1.1037288e+00 156.1553955 2.5716481e-08 
  1  0.0000334 8.6479968e-01 153.2835541 2.1802419e-08 
  1  0.0000256 6.6402715e-01 150.3477936 1.8207052e-08 
  1  0.0000192 4.9802655e-01 147.3406982 1.4956724e-08 
  1  0.0000140 3.6314288e-01 144.2887573 1.2052550e-08 
  1  0.0000099 2.5601441e-01 141.1882935 9.4700665e-09 
  1  0.0000067 1.7309901e-01 138.1019135 7.2362303e-09 
  1  0.0000043 1.1103071e-01 135.0406342 5.3268274e-09 
  1  0.0000026 6.6569433e-02 131.9637146 3.7174721e-09 
  1  0.0000014 3.6365058e-02 129.3316040 2.4615456e-09 
