! Ref profile made by /home/sergio/OTHERSTUFF/klayersV205_Mars/Data/mars_sergio_rtp.m 
! lay   number   p(atm)   pp(atm)   T(K)   q(kmol/cm2) 
!----------------------------------------------------- 
  1  0.0127252 1.2080460e+04 248.7895050 1.8660463e-05 
  1  0.0125153 1.1881120e+04 248.6050873 1.8813829e-05 
  1  0.0123038 1.1680513e+04 248.4161072 1.8954983e-05 
  1  0.0120909 1.1478263e+04 248.2224884 1.9084768e-05 
  1  0.0118766 1.1274872e+04 248.0242004 1.9203326e-05 
  1  0.0116610 1.1070257e+04 247.8211212 1.9310424e-05 
  1  0.0114444 1.0864592e+04 247.6131897 1.9404555e-05 
  1  0.0112269 1.0658140e+04 247.4004211 1.9487257e-05 
  1  0.0110085 1.0450807e+04 247.1826172 1.9557752e-05 
  1  0.0107895 1.0242816e+04 246.9597168 1.9616984e-05 
  1  0.0105699 1.0034404e+04 246.7317352 1.9664727e-05 
  1  0.0103499 9.8255049e+03 246.4985352 1.9699452e-05 
  1  0.0101296 9.6164902e+03 246.2599487 1.9721803e-05 
  1  0.0099092 9.4072441e+03 246.0160522 1.9734724e-05 
  1  0.0096888 9.1979443e+03 245.7666321 1.9732644e-05 
  1  0.0094685 8.9888711e+03 245.5116272 1.9721880e-05 
  1  0.0092485 8.7799688e+03 245.2509308 1.9696063e-05 
  1  0.0090289 8.5714668e+03 244.9844513 1.9661562e-05 
  1  0.0088098 8.3634531e+03 244.7120514 1.9613064e-05 
  1  0.0085913 8.1561201e+03 244.4336090 1.9554869e-05 
  1  0.0083737 7.9494873e+03 244.1490936 1.9483512e-05 
  1  0.0081570 7.7437070e+03 243.8582916 1.9401534e-05 
  1  0.0079413 7.5389414e+03 243.5611725 1.9308151e-05 
  1  0.0077267 7.3352666e+03 243.2574768 1.9203271e-05 
  1  0.0075135 7.1328345e+03 242.9471283 1.9087865e-05 
  1  0.0073017 6.9317471e+03 242.6300507 1.8961815e-05 
  1  0.0070914 6.7321006e+03 242.3060455 1.8823424e-05 
  1  0.0068828 6.5340566e+03 241.9749146 1.8675300e-05 
  1  0.0066759 6.3376938e+03 241.6365509 1.8517401e-05 
  1  0.0064709 6.1431313e+03 241.2908173 1.8348117e-05 
  1  0.0062680 5.9504355e+03 240.9375153 1.8168921e-05 
  1  0.0060671 5.7597715e+03 240.5763397 1.7980919e-05 
  1  0.0058685 5.5712241e+03 240.2072754 1.7781294e-05 
  1  0.0056723 5.3848872e+03 239.8300934 1.7572827e-05 
  1  0.0054784 5.2008643e+03 239.4445496 1.7356308e-05 
  1  0.0052871 5.0192544e+03 239.0504608 1.7129150e-05 
  1  0.0050984 4.8401582e+03 238.6475525 1.6893817e-05 
  1  0.0049125 4.6636401e+03 238.2355957 1.6649688e-05 
  1  0.0047294 4.4898252e+03 237.8144379 1.6397242e-05 
  1  0.0045492 4.3187544e+03 237.3837433 1.6137754e-05 
  1  0.0043720 4.1505474e+03 236.9432220 1.5868338e-05 
  1  0.0041979 3.9852639e+03 236.4926453 1.5594345e-05 
  1  0.0040270 3.8229919e+03 236.0317230 1.5310485e-05 
  1  0.0038593 3.6637952e+03 235.5600891 1.5021190e-05 
  1  0.0036949 3.5077788e+03 234.7834473 1.4725507e-05 
  1  0.0035339 3.3549392e+03 233.6900940 1.4423379e-05 
  1  0.0033764 3.2053806e+03 232.6098022 1.4114792e-05 
  1  0.0032223 3.0591355e+03 231.5431366 1.3801634e-05 
  1  0.0030719 2.9162815e+03 230.4564514 1.3482866e-05 
  1  0.0029250 2.7768679e+03 229.3491516 1.3158481e-05 
  1  0.0027818 2.6409402e+03 228.2207642 1.2830391e-05 
  1  0.0026424 2.5085334e+03 227.0708160 1.2498515e-05 
  1  0.0025066 2.3796975e+03 225.8988953 1.2161885e-05 
  1  0.0023747 2.2544565e+03 224.7042084 1.1823225e-05 
  1  0.0022466 2.1328374e+03 223.4865112 1.1481558e-05 
  1  0.0021223 2.0148693e+03 222.2448120 1.1136155e-05 
  1  0.0020020 1.9005790e+03 220.9788666 1.0790443e-05 
  1  0.0018854 1.7899738e+03 219.6876678 1.0441627e-05 
  1  0.0017728 1.6830730e+03 218.3710022 1.0091791e-05 
  1  0.0016641 1.5798843e+03 217.0278625 9.7423899e-06 
  1  0.0015594 1.4804008e+03 215.6576385 9.3909348e-06 
  1  0.0014585 1.3846302e+03 214.2592926 9.0409221e-06 
  1  0.0013615 1.2925620e+03 212.8324432 8.6897326e-06 
  1  0.0012684 1.2041865e+03 211.3758087 8.3417981e-06 
  1  0.0011792 1.1194830e+03 209.8888092 7.9943393e-06 
  1  0.0010938 1.0384305e+03 208.3701477 7.6483529e-06 
  1  0.0010123 9.6100983e+02 206.8194427 7.3046926e-06 
  1  0.0009345 8.8718988e+02 205.2349854 6.9642974e-06 
  1  0.0008605 8.1692755e+02 203.6162720 6.6270986e-06 
  1  0.0007902 7.5018555e+02 201.9614563 6.2940080e-06 
  1  0.0007235 6.8691486e+02 200.2700195 5.9650501e-06 
  1  0.0006605 6.2707391e+02 198.5401001 5.6393401e-06 
  1  0.0006010 5.7060504e+02 196.7711945 5.3204390e-06 
  1  0.0005450 5.1744135e+02 194.9605560 5.0074873e-06 
  1  0.0004924 4.6752231e+02 193.1080475 4.6986452e-06 
  1  0.0004432 4.2078568e+02 191.2111969 4.3975519e-06 
  1  0.0003972 3.7714536e+02 189.2690125 4.1042231e-06 
  1  0.0003545 3.3653220e+02 187.2787628 3.8159178e-06 
  1  0.0003148 2.9886026e+02 185.2400513 3.5380917e-06 
  1  0.0002781 2.6403854e+02 183.1488953 3.2671605e-06 
  1  0.0002443 2.3197960e+02 181.0054932 3.0049159e-06 
  1  0.0002134 2.0259261e+02 178.8059845 2.7513454e-06 
  1  0.0001851 1.7577148e+02 176.5500488 2.5083589e-06 
  1  0.0001595 1.5141136e+02 174.2325439 2.2749869e-06 
  1  0.0001363 1.2940671e+02 171.8544006 2.0512809e-06 
  1  0.0001155 1.0965221e+02 169.4103851 1.8381728e-06 
  1  0.0000969 9.2027916e+01 166.9014282 1.6365842e-06 
  1  0.0000805 7.6419556e+01 164.3209686 1.4456401e-06 
  1  0.0000660 6.2707325e+01 161.6725159 1.2662650e-06 
  1  0.0000535 5.0772053e+01 158.9487610 1.0984874e-06 
  1  0.0000426 4.0484257e+01 156.1553955 9.4326862e-07 
  1  0.0000334 3.1720451e+01 153.2835541 7.9970260e-07 
  1  0.0000256 2.4356209e+01 150.3477936 6.6782621e-07 
  1  0.0000192 1.8267384e+01 147.3406982 5.4860561e-07 
  1  0.0000140 1.3319914e+01 144.2887573 4.4208196e-07 
  1  0.0000099 9.3904896e+00 141.1882935 3.4735763e-07 
  1  0.0000067 6.3491917e+00 138.1019135 2.6542153e-07 
  1  0.0000043 4.0725541e+00 135.0406342 1.9538554e-07 
  1  0.0000026 2.4417357e+00 131.9637146 1.3635514e-07 
  1  0.0000014 1.3338536e+00 129.3316040 9.0288346e-08 
