! Ref profile made by /home/sergio/OTHERSTUFF/klayersV205_Mars/Data/mars_sergio_rtp.m 
! lay   number   p(atm)   pp(atm)   T(K)   q(kmol/cm2) 
!----------------------------------------------------- 
  1  0.0127252 1.2716272e+00 248.7895050 1.9642590e-09 
  1  0.0125153 1.2506443e+00 248.6050873 1.9804032e-09 
  1  0.0123038 1.2295278e+00 248.4161072 1.9952613e-09 
  1  0.0120909 1.2082380e+00 248.2224884 2.0089228e-09 
  1  0.0118766 1.1868286e+00 248.0242004 2.0214028e-09 
  1  0.0116610 1.1652904e+00 247.8211212 2.0326765e-09 
  1  0.0114444 1.1436416e+00 247.6131897 2.0425850e-09 
  1  0.0112269 1.1219095e+00 247.4004211 2.0512905e-09 
  1  0.0110085 1.1000850e+00 247.1826172 2.0587110e-09 
  1  0.0107895 1.0781913e+00 246.9597168 2.0649455e-09 
  1  0.0105699 1.0562531e+00 246.7317352 2.0699713e-09 
  1  0.0103499 1.0342637e+00 246.4985352 2.0736266e-09 
  1  0.0101296 1.0122622e+00 246.2599487 2.0759794e-09 
  1  0.0099092 9.9023628e-01 246.0160522 2.0773394e-09 
  1  0.0096888 9.6820462e-01 245.7666321 2.0771205e-09 
  1  0.0094685 9.4619697e-01 245.5116272 2.0759874e-09 
  1  0.0092485 9.2420721e-01 245.2509308 2.0732698e-09 
  1  0.0090289 9.0225953e-01 244.9844513 2.0696380e-09 
  1  0.0088098 8.8036346e-01 244.7120514 2.0645334e-09 
  1  0.0085913 8.5853887e-01 244.4336090 2.0584072e-09 
  1  0.0083737 8.3678800e-01 244.1490936 2.0508959e-09 
  1  0.0081570 8.1512707e-01 243.8582916 2.0422666e-09 
  1  0.0079413 7.9357290e-01 243.5611725 2.0324371e-09 
  1  0.0077267 7.7213329e-01 243.2574768 2.0213968e-09 
  1  0.0075135 7.5082469e-01 242.9471283 2.0092492e-09 
  1  0.0073017 7.2965759e-01 242.6300507 1.9959805e-09 
  1  0.0070914 7.0864230e-01 242.3060455 1.9814133e-09 
  1  0.0068828 6.8779552e-01 241.9749146 1.9658211e-09 
  1  0.0066759 6.6712558e-01 241.6365509 1.9491999e-09 
  1  0.0064709 6.4664543e-01 241.2908173 1.9313808e-09 
  1  0.0062680 6.2636173e-01 240.9375153 1.9125181e-09 
  1  0.0060671 6.0629171e-01 240.5763397 1.8927284e-09 
  1  0.0058685 5.8644456e-01 240.2072754 1.8717150e-09 
  1  0.0056723 5.6683034e-01 239.8300934 1.8497717e-09 
  1  0.0054784 5.4745936e-01 239.4445496 1.8269797e-09 
  1  0.0052871 5.2834260e-01 239.0504608 1.8030687e-09 
  1  0.0050984 5.0949037e-01 238.6475525 1.7782965e-09 
  1  0.0049125 4.9090949e-01 238.2355957 1.7525990e-09 
  1  0.0047294 4.7261330e-01 237.8144379 1.7260257e-09 
  1  0.0045492 4.5460576e-01 237.3837433 1.6987111e-09 
  1  0.0043720 4.3689978e-01 236.9432220 1.6703515e-09 
  1  0.0041979 4.1950148e-01 236.4926453 1.6415100e-09 
  1  0.0040270 4.0242019e-01 236.0317230 1.6116299e-09 
  1  0.0038593 3.8566267e-01 235.5600891 1.5811780e-09 
  1  0.0036949 3.6923996e-01 234.7834473 1.5500535e-09 
  1  0.0035339 3.5315159e-01 233.6900940 1.5182506e-09 
  1  0.0033764 3.3740854e-01 232.6098022 1.4857678e-09 
  1  0.0032223 3.2201421e-01 231.5431366 1.4528033e-09 
  1  0.0030719 3.0697700e-01 230.4564514 1.4192492e-09 
  1  0.0029250 2.9230192e-01 229.3491516 1.3851035e-09 
  1  0.0027818 2.7799374e-01 228.2207642 1.3505675e-09 
  1  0.0026424 2.6405615e-01 227.0708160 1.3156332e-09 
  1  0.0025066 2.5049448e-01 225.8988953 1.2801983e-09 
  1  0.0023747 2.3731121e-01 224.7042084 1.2445499e-09 
  1  0.0022466 2.2450925e-01 223.4865112 1.2085850e-09 
  1  0.0021223 2.1209149e-01 222.2448120 1.1722268e-09 
  1  0.0020020 2.0006095e-01 220.9788666 1.1358362e-09 
  1  0.0018854 1.8841828e-01 219.6876678 1.0991188e-09 
  1  0.0017728 1.7716560e-01 218.3710022 1.0622940e-09 
  1  0.0016641 1.6630363e-01 217.0278625 1.0255148e-09 
  1  0.0015594 1.5583165e-01 215.6576385 9.8851949e-10 
  1  0.0014585 1.4575057e-01 214.2592926 9.5167607e-10 
  1  0.0013615 1.3605918e-01 212.8324432 9.1470875e-10 
  1  0.0012684 1.2675646e-01 211.3758087 8.7808399e-10 
  1  0.0011792 1.1784033e-01 209.8888092 8.4150947e-10 
  1  0.0010938 1.0930850e-01 208.3701477 8.0508994e-10 
  1  0.0010123 1.0115891e-01 206.8194427 7.6891499e-10 
  1  0.0009345 9.3388431e-02 205.2349854 7.3308409e-10 
  1  0.0008605 8.5992366e-02 203.6162720 6.9758926e-10 
  1  0.0007902 7.8966901e-02 201.9614563 6.6252720e-10 
  1  0.0007235 7.2306834e-02 200.2700195 6.2790007e-10 
  1  0.0006605 6.6007785e-02 198.5401001 5.9361477e-10 
  1  0.0006010 6.0063679e-02 196.7711945 5.6004612e-10 
  1  0.0005450 5.4467518e-02 194.9605560 5.2710408e-10 
  1  0.0004924 4.9212880e-02 193.1080475 4.9459425e-10 
  1  0.0004432 4.4293221e-02 191.2111969 4.6290022e-10 
  1  0.0003972 3.9699506e-02 189.2690125 4.3202344e-10 
  1  0.0003545 3.5424445e-02 187.2787628 4.0167555e-10 
  1  0.0003148 3.1458978e-02 185.2400513 3.7243075e-10 
  1  0.0002781 2.7793534e-02 183.1488953 3.4391165e-10 
  1  0.0002443 2.4418904e-02 181.0054932 3.1630695e-10 
  1  0.0002134 2.1325536e-02 178.8059845 2.8961528e-10 
  1  0.0001851 1.8502265e-02 176.5500488 2.6403779e-10 
  1  0.0001595 1.5938040e-02 174.2325439 2.3947230e-10 
  1  0.0001363 1.3621759e-02 171.8544006 2.1592432e-10 
  1  0.0001155 1.1542339e-02 169.4103851 1.9349190e-10 
  1  0.0000969 9.6871499e-03 166.9014282 1.7227203e-10 
  1  0.0000805 8.0441637e-03 164.3209686 1.5217265e-10 
  1  0.0000660 6.6007711e-03 161.6725159 1.3329107e-10 
  1  0.0000535 5.3444272e-03 158.9487610 1.1563026e-10 
  1  0.0000426 4.2615002e-03 156.1553955 9.9291422e-11 
  1  0.0000334 3.3389947e-03 153.2835541 8.4179219e-11 
  1  0.0000256 2.5638111e-03 150.3477936 7.0297497e-11 
  1  0.0000192 1.9228822e-03 147.3406982 5.7747959e-11 
  1  0.0000140 1.4020960e-03 144.2887573 4.6534939e-11 
  1  0.0000099 9.8847272e-04 141.1882935 3.6563967e-11 
  1  0.0000067 6.6833594e-04 138.1019135 2.7939108e-11 
  1  0.0000043 4.2868996e-04 135.0406342 2.0566901e-11 
  1  0.0000026 2.5702477e-04 131.9637146 1.4353173e-11 
  1  0.0000014 1.4040562e-04 129.3316040 9.5040356e-12 
