! Ref profile made by /home/sergio/OTHERSTUFF/klayersV205_Mars/Data/mars_sergio_rtp.m 
! lay   number   p(atm)   pp(atm)   T(K)   q(kmol/cm2) 
!----------------------------------------------------- 
  1  0.0127252 7.6297636e+00 248.7895050 1.1785556e-08 
  1  0.0125153 7.5038657e+00 248.6050873 1.1882418e-08 
  1  0.0123038 7.3771677e+00 248.4161072 1.1971569e-08 
  1  0.0120909 7.2494297e+00 248.2224884 1.2053538e-08 
  1  0.0118766 7.1209702e+00 248.0242004 1.2128415e-08 
  1  0.0116610 6.9917417e+00 247.8211212 1.2196058e-08 
  1  0.0114444 6.8618479e+00 247.6131897 1.2255509e-08 
  1  0.0112269 6.7314568e+00 247.4004211 1.2307743e-08 
  1  0.0110085 6.6005120e+00 247.1826172 1.2352268e-08 
  1  0.0107895 6.4691472e+00 246.9597168 1.2389673e-08 
  1  0.0105699 6.3375177e+00 246.7317352 1.2419827e-08 
  1  0.0103499 6.2055826e+00 246.4985352 1.2441759e-08 
  1  0.0101296 6.0735726e+00 246.2599487 1.2455876e-08 
  1  0.0099092 5.9414163e+00 246.0160522 1.2464035e-08 
  1  0.0096888 5.8092279e+00 245.7666321 1.2462722e-08 
  1  0.0094685 5.6771817e+00 245.5116272 1.2455925e-08 
  1  0.0092485 5.5452433e+00 245.2509308 1.2439618e-08 
  1  0.0090289 5.4135580e+00 244.9844513 1.2417829e-08 
  1  0.0088098 5.2821808e+00 244.7120514 1.2387200e-08 
  1  0.0085913 5.1512346e+00 244.4336090 1.2350447e-08 
  1  0.0083737 5.0207286e+00 244.1490936 1.2305376e-08 
  1  0.0081570 4.8907623e+00 243.8582916 1.2253601e-08 
  1  0.0079413 4.7614369e+00 243.5611725 1.2194622e-08 
  1  0.0077267 4.6328001e+00 243.2574768 1.2128382e-08 
  1  0.0075135 4.5049486e+00 242.9471283 1.2055495e-08 
  1  0.0073017 4.3779459e+00 242.6300507 1.1975884e-08 
  1  0.0070914 4.2518525e+00 242.3060455 1.1888477e-08 
  1  0.0068828 4.1267729e+00 241.9749146 1.1794926e-08 
  1  0.0066759 4.0027542e+00 241.6365509 1.1695201e-08 
  1  0.0064709 3.8798721e+00 241.2908173 1.1588284e-08 
  1  0.0062680 3.7581706e+00 240.9375153 1.1475110e-08 
  1  0.0060671 3.6377497e+00 240.5763397 1.1356369e-08 
  1  0.0058685 3.5186677e+00 240.2072754 1.1230290e-08 
  1  0.0056723 3.4009817e+00 239.8300934 1.1098629e-08 
  1  0.0054784 3.2847559e+00 239.4445496 1.0961876e-08 
  1  0.0052871 3.1700556e+00 239.0504608 1.0818412e-08 
  1  0.0050984 3.0569417e+00 238.6475525 1.0669778e-08 
  1  0.0049125 2.9454565e+00 238.2355957 1.0515593e-08 
  1  0.0047294 2.8356795e+00 237.8144379 1.0356152e-08 
  1  0.0045492 2.7276344e+00 237.3837433 1.0192265e-08 
  1  0.0043720 2.6213982e+00 236.9432220 1.0022108e-08 
  1  0.0041979 2.5170085e+00 236.4926453 9.8490593e-09 
  1  0.0040270 2.4145210e+00 236.0317230 9.6697788e-09 
  1  0.0038593 2.3139760e+00 235.5600891 9.4870680e-09 
  1  0.0036949 2.2154393e+00 234.7834473 9.3003214e-09 
  1  0.0035339 2.1189096e+00 233.6900940 9.1095034e-09 
  1  0.0033764 2.0244513e+00 232.6098022 8.9146059e-09 
  1  0.0032223 1.9320856e+00 231.5431366 8.7168219e-09 
  1  0.0030719 1.8418618e+00 230.4564514 8.5154941e-09 
  1  0.0029250 1.7538120e+00 229.3491516 8.3106215e-09 
  1  0.0027818 1.6679621e+00 228.2207642 8.1034042e-09 
  1  0.0026424 1.5843369e+00 227.0708160 7.8937985e-09 
  1  0.0025066 1.5029665e+00 225.8988953 7.6811899e-09 
  1  0.0023747 1.4238673e+00 224.7042084 7.4672997e-09 
  1  0.0022466 1.3470553e+00 223.4865112 7.2515101e-09 
  1  0.0021223 1.2725490e+00 222.2448120 7.0333606e-09 
  1  0.0020020 1.2003658e+00 220.9788666 6.8150174e-09 
  1  0.0018854 1.1305096e+00 219.6876678 6.5947119e-09 
  1  0.0017728 1.0629934e+00 218.3710022 6.3737633e-09 
  1  0.0016641 9.9782157e-01 217.0278625 6.1530878e-09 
  1  0.0015594 9.3498987e-01 215.6576385 5.9311165e-09 
  1  0.0014585 8.7450337e-01 214.2592926 5.7100560e-09 
  1  0.0013615 8.1635505e-01 212.8324432 5.4882525e-09 
  1  0.0012684 7.6053900e-01 211.3758087 5.2685043e-09 
  1  0.0011792 7.0704198e-01 209.8888092 5.0490567e-09 
  1  0.0010938 6.5585107e-01 208.3701477 4.8305395e-09 
  1  0.0010123 6.0695356e-01 206.8194427 4.6134900e-09 
  1  0.0009345 5.6033051e-01 205.2349854 4.3985042e-09 
  1  0.0008605 5.1595426e-01 203.6162720 4.1855364e-09 
  1  0.0007902 4.7380137e-01 201.9614563 3.9751624e-09 
  1  0.0007235 4.3384096e-01 200.2700195 3.7674002e-09 
  1  0.0006605 3.9604673e-01 198.5401001 3.5616889e-09 
  1  0.0006010 3.6038211e-01 196.7711945 3.3602769e-09 
  1  0.0005450 3.2680506e-01 194.9605560 3.1626242e-09 
  1  0.0004924 2.9527724e-01 193.1080475 2.9675653e-09 
  1  0.0004432 2.6575932e-01 191.2111969 2.7774010e-09 
  1  0.0003972 2.3819703e-01 189.2690125 2.5921407e-09 
  1  0.0003545 2.1254671e-01 187.2787628 2.4100535e-09 
  1  0.0003148 1.8875384e-01 185.2400513 2.2345843e-09 
  1  0.0002781 1.6676116e-01 183.1488953 2.0634698e-09 
  1  0.0002443 1.4651340e-01 181.0054932 1.8978414e-09 
  1  0.0002134 1.2795320e-01 178.8059845 1.7376917e-09 
  1  0.0001851 1.1101358e-01 176.5500488 1.5842267e-09 
  1  0.0001595 9.5628232e-02 174.2325439 1.4368338e-09 
  1  0.0001363 8.1730552e-02 171.8544006 1.2955459e-09 
  1  0.0001155 6.9254033e-02 169.4103851 1.1609513e-09 
  1  0.0000969 5.8122911e-02 166.9014282 1.0336323e-09 
  1  0.0000805 4.8264984e-02 164.3209686 9.1303587e-10 
  1  0.0000660 3.9604630e-02 161.6725159 7.9974644e-10 
  1  0.0000535 3.2066561e-02 158.9487610 6.9378153e-10 
  1  0.0000426 2.5569005e-02 156.1553955 5.9574856e-10 
  1  0.0000334 2.0033969e-02 153.2835541 5.0507531e-10 
  1  0.0000256 1.5382870e-02 150.3477936 4.2178505e-10 
  1  0.0000192 1.1537291e-02 147.3406982 3.4648773e-10 
  1  0.0000140 8.4125763e-03 144.2887573 2.7920960e-10 
  1  0.0000099 5.9308340e-03 141.1882935 2.1938375e-10 
  1  0.0000067 4.0100152e-03 138.1019135 1.6763464e-10 
  1  0.0000043 2.5721397e-03 135.0406342 1.2340139e-10 
  1  0.0000026 1.5421488e-03 131.9637146 8.6119029e-11 
  1  0.0000014 8.4243377e-04 129.3316040 5.7024215e-11 
